0.0545601
0.065199
0.058889
0.0556797
0.0497893
0.0505593
0.0458862
0.0452616
0.0466673
0.0427792
0.0423817
0.108787
0.106609
0.0485663
0.0511857
0.0476312
0.0604952
0.063193
0.0474354
0.0807235
0.0615108
0.0504334
0.0597365
0.056347
0.051586
0.0589818
0.057003
0.0540772
0.0613847
0.0571422
0.0539484
0.0561873
0.0587704
0.0491027
0.0640734
0.0563713
0.064419
0.0505363
0.0629896
0.0460167
0.0556857
0.0473714
0.061695
0.0493679
0.0459869
0.0456927
0.0474174
0.0500624
0.0451894
0.0554795
0.0443618
0.0482269
0.0480831
0.0503686
0.0488287
0.0484535
0.0475236
0.0449551
0.0462029
0.0468521
0.0409369
0.0440815
0.0456693
0.0500264
0.0432687
0.0415557
0.0467668
0.0468355
0.0421301
0.0472556
0.0439088
0.0532798
0.0502128
0.0476889
0.0507768
0.0466384
0.0432461
0.0584814
0.0474129
0.0473074
0.0470942
0.0443104
0.0416394
0.0508644
0.0446757
0.0568923
0.0564317
0.0420847
0.0403463
0.0560671
0.0459828
0.0420807
0.0477264
0.0489686
0.0464556
0.0529722
0.0444153
0.0393452
0.0408055
0.0448754
0.0436313
0.0513948
0.0417079
0.041734
0.0411153
0.0444639
0.0455958
0.0510709
0.0482742
0.0433628
0.0485728
0.0475076
0.0477016
0.0519608
0.0453892
0.0517415
0.0517874
0.0488926
0.0428527
0.05786
0.0437512
0.0478087
0.0515138
0.0509404
0.0474356
0.0546964
0.0507844
0.0489596
0.0464138
0.0459576
0.0461816
0.0500209
0.0449959
0.0484499
0.0491707
0.0487128
0.0508023
0.0566321
0.052664
0.0496673
0.0518693
0.0487222
0.0552599
0.0524715
0.0534793
0.0492479
0.0498895
0.0476113
0.0552438
0.0685129
0.0511151
0.0542257
0.0469117
0.0495681
0.0517274
0.0681981
0.0417649
0.0423687
0.0456418
0.0549215
0.0495347
0.0543053
0.050856
0.0429266
0.04093
0.0461421
0.0443748
0.049405
0.0437009
0.043826
0.0507216
0.04175
0.0445355
0.0422999
0.043105
0.0571743
0.0466035
0.0461046
0.0447361
0.0498312
0.0501594
0.046713
0.0472519
0.0481713
0.0469323
0.0593763
0.0502266
0.0471338
0.0438652
0.049948
0.0449447
0.04542
0.0417017
0.0402129
0.0423272
0.0494337
0.0518171
0.0463075
0.0443754
0.0431551
0.0423578
0.0521189
0.0489049
0.0436472
0.0402414
0.0514304
0.0480733
0.0494262
0.0438143
0.0421156
0.0540177
0.0576465
0.046571
0.0479447
0.0476216
0.0472055
0.0508593
0.0468893
0.0463534
0.0569247
0.057575
0.0497417
0.0483512
0.0456294
0.0479102
0.0478323
0.0468847
0.0471871
0.0499672
0.053249
0.0469653
0.0483319
0.0525023
0.0534939
0.0499989
0.049905
0.0422215
0.0464098
0.0499275
0.0508499
0.0496489
0.0614925
0.052131
0.0449444
0.0448623
0.0520515
0.0537074
0.0479269
0.0500821
0.0530371
0.0494574
0.0472866
0.0444977
0.0641472
0.0544514
0.0509239
0.0479954
0.0465708
0.043519
0.0445735
0.0482361
0.0441935
0.0555341
0.045391
0.0462618
0.0480028
0.0530797
0.0477615
0.0513339
0.0434356
0.0526452
0.0511021
0.0500489
0.0486707
0.0525447
0.0450526
0.0477812
0.0437149
0.048276
0.0494453
0.0486045
0.0397715
0.0477296
0.0489465
0.0497206
0.0432651
0.0524363
0.0473055
0.0487578
0.0451423
0.0468158
0.0495453
0.049858
0.0463143
0.0468298
0.0514893
0.0447973
0.0413346
0.0562066
0.0467192
0.0455464
0.0439036
0.0525569
0.0501138
0.0486324
0.0449508
0.0520364
0.0457911
0.049395
0.0433565
0.0487278
0.0456645
0.050055
0.0436893
0.0488812
0.0436139
0.0456324
0.0457125
0.0481577
0.0461118
0.0431277
0.0474351
0.0457488
0.0448665
0.0431785
0.0293504
0.0290151
0.0313412
0.0286224
0.0266113
0.0300887
0.0343809
0.0378006
0.0393065
0.0370166
0.0292728
0.0427444
0.0334151
0.0331694
0.0361853
0.0421358
0.0436601
0.0429143
0.0449741
0.0419955
0.0419032
0.0355334
0.0385586
0.0513682
0.0449065
0.0465615
0.0444367
0.0478777
0.051049
0.0451268
0.0400075
0.0391545
0.0445132
0.0423306
0.0410957
0.0459185
0.0462598
0.0462316
0.0474953
0.0497452
0.0429115
0.0445055
0.0450399
0.0477843
0.046131
0.0492044
0.0464398
0.0459644
0.0564027
0.0530463
0.0439639
0.0467886
0.0521464
0.0599198
0.0463615
0.04642
0.0464433
0.0517599
0.0522527
0.0498191
0.05145
0.047651
0.0530888
0.053039
0.0530225
0.0519754
0.052426
0.042987
0.0508151
0.0395109
0.0476963
0.0488359
0.0508878
0.0524982
0.0442113
0.0471702
0.0443394
0.0470215
0.0462758
0.0494787
0.0402238
0.0498079
0.0458321
0.0525382
0.0446095
0.0438702
0.0401296
0.0717419
0.0564269
0.0540418
0.0485421
0.0493097
0.0445648
0.0622643
0.0582709
0.0477437
0.0569201
0.058667
0.0494472
0.048532
0.046763
0.0510981
0.0567911
0.0483012
0.0521555
0.0584417
0.0521275
0.0454673
0.0473696
0.0484876
0.0507468
0.0468546
0.0495589
0.051286
0.0539612
0.0464394
0.0474059
0.0452372
0.0465072
0.0418246
0.0416777
0.0450857
0.0450918
0.0391551
0.0465076
0.0507516
0.0413842
0.0424283
0.0412018
0.0450657
0.0456868
0.0485763
0.049702
0.0433491
0.0424517
0.0415363
0.0414535
0.0410014
0.0413376
0.0422704
0.0431301
0.0456776
0.0416615
0.0395089
0.0405652
0.0376673
0.0468147
0.0476427
0.0444017
0.0433187
0.0439738
0.0493359
0.0482135
0.0444805
0.0468277
0.0512349
0.0397051
0.0443021
0.0484361
0.0471863
0.0438041
0.0418753
0.0448114
0.0435082
0.0430166
0.046574
0.0417335
0.0487492
0.0498934
0.043851
0.0479881
0.0477873
0.0522831
0.0424373
0.0468258
0.0440428
0.042135
0.0509229
0.0481346
0.047433
0.047893
0.0472826
0.0459806
0.0429537
0.0503394
0.0480495
0.0480612
0.0445592
0.0421773
0.0455402
0.0505853
0.0482917
0.045226
0.0454486
0.0462804
0.0425994
0.0451139
0.0462285
0.045986
0.0446462
0.0422188
0.0421561
0.0468314
0.0422218
0.0422686
0.0450541
0.0532195
0.0484945
0.0403385
0.0408944
0.0474276
0.0426202
0.0406657
0.0415514
0.041115
0.0390143
0.041739
0.0395708
0.044427
0.0425421
0.039726
0.045518
0.0432835
0.0433647
0.0402788
0.0404845
0.0413183
0.0511562
0.0477563
0.052727
0.0518195
0.0430394
0.0423009
0.0408553
0.0453265
0.0429975
0.0416974
0.0425772
0.0450163
0.045875
0.0436133
0.048935
0.0489077
0.0469987
0.0512149
0.0504562
0.0458941
0.0478099
0.0514265
0.0452272
0.048667
0.0472581
0.0465126
0.0431713
0.0480694
0.0442043
0.0487918
0.0497513
0.0456674
0.0496865
0.0531921
0.0522503
0.0547209
0.0460374
0.0494792
0.0507896
0.0517716
0.040677
0.0487791
0.0369352
0.0365203
0.0414195
0.0446985
0.0441404
0.042651
0.0370857
0.0379269
0.041166
0.0444267
0.0413743
0.0415513
0.046784
0.0454678
0.0485751
0.0465262
0.0433424
0.0433759
0.047372
0.0468652
0.0514098
0.0417633
0.0462207
0.0440162
0.0485248
0.0404678
0.0427567
0.04196
0.0436918
0.0444635
0.0492392
0.0513509
0.043253
0.0496466
0.0506236
0.0474667
0.0467348
0.0501018
0.0465214
0.0477266
0.0498218
0.0490949
0.0502838
0.049309
0.0413068
0.0427233
0.0424365
0.0456682
0.0478183
0.0446416
0.0463042
0.0454419
0.0486661
0.0445711
0.0470523
0.0404179
0.0439551
0.0444113
0.0509285
0.0292435
0.0408229
0.0495834
0.042219
0.048634
0.0459666
0.0459236
0.0437543
0.0375684
0.0456127
0.0473274
0.0464887
0.0482018
0.0453152
0.0462926
0.0450765
0.0497601
0.04548
0.0475104
0.0441611
0.0430211
0.0441103
0.0429555
0.0424293
0.044586
0.0469111
0.0492423
0.0393527
0.0452974
0.0425584
0.0410368
0.0403301
0.0489326
0.0463095
0.0381353
0.0440531
0.0377058
0.0441593
0.0385259
0.0428089
0.0449927
0.0383401
0.0425643
0.0412032
0.0367606
0.0411075
0.0366545
0.0366692
0.0497003
0.0469413
0.0410188
0.0386523
0.0420792
0.0404963
0.037099
0.0392802
0.0415883
0.040058
0.0451233
0.0383517
0.0420169
0.0394791
0.0441084
0.0447172
0.043465
0.0459517
0.0441647
0.0422966
0.0427834
0.0393044
0.0450796
0.0463256
0.0438206
0.0404371
0.0459117
0.0403381
0.0479582
0.0518017
0.0461724
0.0443298
0.0404836
0.0422616
0.0513135
0.0443923
0.0452226
0.0436619
0.0460222
0.0486495
0.0455504
0.0467988
0.0479006
0.0453287
0.0496987
0.0443825
0.0495619
0.0532473
0.0513335
0.0494927
0.0418984
0.0469729
0.0481766
0.0525197
0.0461996
0.0503034
0.0509062
0.048057
0.0439088
0.0443953
0.0516086
0.04738
0.0481255
0.0465814
0.0487033
0.0491559
0.0476326
0.0478434
0.0466856
0.0467889
0.0511013
0.0471411
0.0520847
0.048548
0.0431323
0.0474263
0.0419689
0.0458075
0.0439212
0.0462723
0.043628
0.0472266
0.0560529
0.0445933
0.0467174
0.0427335
0.0509674
0.0454358
0.0419333
0.0460206
0.0447768
0.0508857
0.0460313
0.0496866
0.0444609
0.0434247
0.0511437
0.0579514
0.0619612
0.0519608
0.0420905
0.0423412
0.0432517
0.0508881
0.0456619
0.0444133
0.0417751
0.0468607
0.0515053
0.0451567
0.0494057
0.0463489
0.0422532
0.0482221
0.0492401
0.0485308
0.0457647
0.047147
0.0432452
0.0476116
0.0507243
0.0501102
0.0448961
0.0500308
0.0499784
0.0506977
0.0603716
0.0575969
0.0515448
0.0523021
0.0541207
0.0439566
0.0477219
0.0485422
0.0471793
0.0445891
0.0494826
0.0480351
0.0422753
0.0514148
0.0417456
0.049697
0.0470269
0.0421403
0.0544004
0.0479734
0.0454059
0.049181
0.048112
0.047204
0.0463334
0.0421761
0.0434008
0.0529501
0.0476056
0.042845
0.0400313
0.0431147
0.0464381
0.044998
0.0497449
0.0466816
0.0461915
0.0467148
0.0451108
0.0493948
0.0447065
0.0452876
0.0464815
0.0494935
0.0471664
0.0463975
0.0490343
0.0410852
0.0487076
0.0399579
0.0492753
0.044877
0.045803
0.0436023
0.042778
0.0456638
0.0516977
0.0446832
0.0481862
0.0450493
0.051379
0.0497405
0.0482739
0.045262
0.0421806
0.0461089
0.0489668
0.0494202
0.0574167
0.0467325
0.0523533
0.0489472
0.0478294
0.048941
0.0558481
0.0473911
0.0531595
0.05018
0.0476405
0.0498633
0.0546643
0.055501
0.0504938
0.0517858
0.0571796
0.0565356
0.0559453
0.0550221
0.0524976
0.0540492
0.0572635
0.0535103
0.0513251
0.0533755
0.0537039
0.0586491
0.0533624
0.0521568
0.0489499
0.0556022
0.0544934
0.0532721
0.0495651
0.0510345
0.0516063
0.0505248
0.0486761
0.0517021
0.0518662
0.0479672
0.048255
0.0494507
0.0454767
0.0516767
0.0615892
0.0644884
0.050838
0.0451639
0.0489858
0.0571054
0.0614581
0.0501235
0.0457923
0.0550952
0.0499253
0.0562643
0.0522709
0.0509399
0.0528494
0.0594825
0.0481253
0.0500539
0.049214
0.0575078
0.0576209
0.0584295
0.0567415
0.0548355
0.0526416
0.0496073
0.0523079
0.0546495
0.0571662
0.0473713
0.0592572
0.0439162
0.0552328
0.0555628
0.0516698
0.0542933
0.0583622
0.0519609
0.0556898
0.0536425
0.0563495
0.0519205
0.057808
0.0513899
0.0514508
0.0564591
0.0570043
0.0530036
0.0523365
0.0525398
0.0533641
0.0512145
0.0511799
0.0505368
0.0533086
0.052984
0.0494385
0.0493618
0.0774029
0.0599445
0.0623458
0.0547137
0.0522328
0.0519295
0.0461968
0.0507161
0.0558095
0.0501481
0.0542827
0.0565975
0.0535218
0.0498455
0.0525864
0.0538059
0.0519176
0.0536905
0.045888
0.0547877
0.0532147
0.0600581
0.0585188
0.0546135
0.0518942
0.05724
0.0524312
0.0582212
0.0508449
0.053745
0.0502235
0.0473349
0.0515585
0.0533199
0.046802
0.0483794
0.0598726
0.0527038
0.0496289
0.0528409
0.0545681
0.0452516
0.0466548
0.0531807
0.0541602
0.0557549
0.0488275
0.0546567
0.0519328
0.0545059
0.0441531
0.0477189
0.0456181
0.047218
0.0524406
0.0516811
0.0550125
0.0538065
0.0523874
0.0530406
0.0473305
0.0503894
0.0543815
0.0559865
0.0535594
0.0507665
0.0446406
0.0514374
0.0551366
0.0518321
0.0434198
0.0533295
0.0541319
0.0521455
0.0562048
0.0537281
0.0510553
0.0496269
0.0467784
0.048328
0.0502004
0.0588092
0.0527671
0.0519089
0.0503096
0.0532735
0.0467141
0.0526671
0.0563409
0.0515185
0.0465622
0.0486192
0.0485466
0.0521008
0.0513061
0.0540729
0.0510402
0.0498323
0.0498257
0.051417
0.052544
0.0522482
0.0539887
0.0510608
0.0420738
0.0490749
0.0451702
0.0528098
0.0483295
0.0510033
0.0437106
0.0504888
0.0538025
0.0534729
0.0531865
0.0543337
0.0511793
0.0518158
0.0540516
0.0524567
0.0514473
0.0548082
0.0476649
0.0523403
0.0583828
0.0551897
0.0637927
0.0495763
0.0512728
0.0513269
0.051227
0.0525746
0.0511083
0.054746
0.0527593
0.0564132
0.0556736
0.0478781
0.0529861
0.0461978
0.051674
0.0569354
0.0547359
0.0554036
0.0509295
0.0524763
0.0477562
0.0516338
0.0528454
0.0558894
0.0538351
0.0550732
0.0558178
0.0546698
0.0605186
0.0488466
0.0555945
0.0566442
0.0595788
0.0591555
0.0476592
0.0523542
0.0489712
0.0527001
0.0499891
0.046895
0.0517295
0.0487669
0.053369
0.0453945
0.0489555
0.0494385
0.0464957
0.0442588
0.0484505
0.0404015
0.0450158
0.0480712
0.0481741
0.0464687
0.0458256
0.0485049
0.0523879
0.0512109
0.0521643
0.0537567
0.0564477
0.0542841
0.0534223
0.0449231
0.0462429
0.0457094
0.0499144
0.044436
0.0493652
0.0498949
0.0562571
0.0493333
0.0506676
0.0531973
0.0462137
0.0481296
0.0491114
0.0505617
0.0560493
0.0593071
0.0537273
0.0516563
0.051929
0.0518332
0.0465087
0.0530048
0.0548133
0.0574833
0.0560081
0.053997
0.0498817
0.0521396
0.0569553
0.0527479
0.0548693
0.0503706
0.0511598
0.0485154
0.0754929
0.0591613
0.0606259
0.0567749
0.0575101
0.0548149
0.055457
0.0535286
0.0545576
0.0544293
0.0491844
0.0522742
0.0490707
0.0521937
0.0567861
0.0546527
0.0472953
0.0490516
0.0538621
0.0478755
0.0478057
0.0495846
0.0484948
0.0436483
0.0473799
0.0532529
0.0443207
0.0467508
0.0519617
0.0488803
0.0501308
0.0531219
0.0511205
0.0551677
0.042361
0.0496001
0.0524048
0.051286
0.0456701
0.048854
0.0454645
0.0482771
0.0391266
0.0503801
0.049196
0.0580459
0.0452147
0.0443883
0.0472999
0.0505935
0.0518872
0.0548222
0.0527067
0.0487905
0.0620593
0.0479791
0.0460695
0.048132
0.0475158
0.0468197
0.0467498
0.044083
0.0565247
0.0496741
0.0465245
0.0493958
0.0484421
0.0469979
0.0544565
0.0505833
0.0472227
0.0480943
0.0456821
0.0496734
0.0491514
0.0435219
0.0474869
0.0457569
0.0443196
0.0517961
0.0501735
0.0458144
0.0470536
0.0503097
0.0522145
0.0495236
0.0563968
0.0489315
0.0463899
0.0468904
0.0512501
0.0478579
0.0460762
0.0477039
0.0466266
0.0429997
0.0441866
0.0430655
0.0463218
0.0455948
0.0467268
0.0419767
0.0446801
0.0438101
0.0465489
0.0454871
0.0444383
0.0438207
0.0476317
0.0451956
0.0452917
0.0424772
0.0484453
