0.0440826
0.0608588
0.0622697
0.055015
0.0510634
0.0456749
0.0446712
0.0434868
0.0425104
0.0417169
0.0931183
0.0597994
0.0571665
0.0474858
0.0482503
0.0453919
0.0532685
0.0564483
0.0490669
0.0495627
0.0509724
0.0590853
0.0545967
0.0491645
0.0525793
0.0518924
0.0533258
0.0443937
0.0498446
0.0567564
0.0536906
0.0558303
0.0528829
0.052919
0.051275
0.0541544
0.0509585
0.0529403
0.0549146
0.0551172
0.046319
0.0511917
0.0552494
0.0470227
0.0452899
0.0539356
0.043585
0.0485957
0.0502257
0.0467854
0.0473976
0.0445725
0.046523
0.0505131
0.0493005
0.0478366
0.040676
0.0404131
0.0456464
0.0515033
0.0429748
0.0389689
0.0412536
0.0490867
0.0460679
0.0413055
0.038626
0.0390465
0.0400832
0.0425508
0.0459861
0.040061
0.0432181
0.0391595
0.0404983
0.0491946
0.0439182
0.0471584
0.0422788
0.0410496
0.0440813
0.0471691
0.0390658
0.0413068
0.0450154
0.0440912
0.0459092
0.0446809
0.0445106
0.0461036
0.0459393
0.0469485
0.0446108
0.0451957
0.0414628
0.0446187
0.0439044
0.041253
0.0420181
0.0398593
0.0383323
0.0464128
0.041867
0.0391934
0.0386744
0.0411415
0.0438133
0.0446622
0.0411854
0.0474866
0.0443594
0.0418913
0.0491677
0.0549073
0.0569489
0.0491161
0.0463163
0.0522417
0.0563933
0.0475393
0.0535968
0.0445697
0.0478067
0.0549313
0.044778
0.0444961
0.0508796
0.0462072
0.0415112
0.045037
0.0480076
0.0492996
0.0462343
0.0437707
0.0479423
0.0446752
0.0463598
0.0478683
0.0474992
0.0471987
0.0463883
0.0556439
0.0456605
0.0471456
0.0462099
0.0448875
0.0502909
0.0483943
0.0569244
0.0461018
0.0474383
0.046787
0.0481252
0.0473973
0.0496322
0.0492798
0.047893
0.0481981
0.0475431
0.0519966
0.0483722
0.0495378
0.047692
0.0531452
0.051779
0.0504584
0.0511044
0.0510981
0.0525346
0.0521865
0.0520162
0.046536
0.0463338
0.0522854
0.0508199
0.041216
0.0424004
0.0448473
0.0483444
0.0433309
0.0451494
0.0453421
0.0460186
0.0487177
0.0428422
0.0536395
0.0456222
0.0414389
0.0479201
0.0486596
0.0514872
0.0420852
0.0426621
0.0435723
0.0448644
0.0400208
0.0400255
0.0413931
0.0418584
0.0418728
0.0430579
0.0422993
0.0419876
0.041013
0.0461015
0.0458673
0.0402706
0.0375499
0.0432396
0.0478697
0.0479859
0.0479832
0.0470377
0.0388808
0.038053
0.0460338
0.0474169
0.0409916
0.0407196
0.0467534
0.0497975
0.0428349
0.0477403
0.0503828
0.0532656
0.0403529
0.0456861
0.0536446
0.0424509
0.0452596
0.0498623
0.0420333
0.050852
0.050158
0.0502724
0.045794
0.0478746
0.0477396
0.0469111
0.0502519
0.046278
0.0503144
0.0457531
0.0447088
0.0473779
0.0522551
0.0547745
0.0513645
0.0440187
0.0614494
0.0539585
0.0426209
0.0557118
0.051235
0.0651256
0.0477742
0.0466317
0.0419279
0.0444934
0.0497318
0.0501057
0.0436434
0.0482867
0.0569126
0.0475855
0.0486382
0.0448004
0.0452192
0.04985
0.0526821
0.0419111
0.0435054
0.0510469
0.0513767
0.0460171
0.0519726
0.0461524
0.0471799
0.0490944
0.055138
0.0485849
0.0479298
0.057657
0.0547041
0.0441538
0.0503986
0.046422
0.0522518
0.048655
0.0453546
0.052937
0.0508894
0.0471324
0.0462729
0.049606
0.0510376
0.0488685
0.0481839
0.0490769
0.0561549
0.0498656
0.0511521
0.0544729
0.0494355
0.0491864
0.0468686
0.0511394
0.0501557
0.0494759
0.0519312
0.0476174
0.0512097
0.0490792
0.0453318
0.05233
0.0422676
0.0481345
0.0502621
0.0451939
0.0454841
0.0474333
0.0531993
0.0417677
0.0487058
0.0463177
0.0411975
0.0499446
0.0473927
0.0482234
0.0487612
0.0439852
0.0422151
0.0429871
0.0425594
0.0471422
0.0338767
0.0352659
0.0334274
0.0343373
0.019888
0.0261438
0.0335928
0.0289562
0.0301349
0.0300732
0.0322281
0.0418055
0.0375206
0.0332902
0.0397403
0.0416078
0.0355078
0.0345573
0.0366054
0.0382562
0.0482755
0.0456189
0.0403952
0.0385327
0.0433823
0.0410825
0.0371627
0.0435873
0.0399763
0.0377821
0.0433841
0.0444716
0.044868
0.0427286
0.0414238
0.0452262
0.0412995
0.042981
0.0417896
0.0386991
0.0406227
0.0447655
0.0451661
0.0446761
0.0448964
0.0470551
0.0455994
0.0472803
0.0452284
0.0497872
0.041487
0.0503681
0.0494679
0.0514907
0.045244
0.0457102
0.0426716
0.0489076
0.0520137
0.0475963
0.0435319
0.050363
0.0497089
0.0495625
0.0501977
0.059901
0.0533876
0.0503668
0.0442441
0.0493102
0.050987
0.0483399
0.0490965
0.0475056
0.049185
0.0489738
0.0459076
0.0485101
0.0454535
0.0484712
0.0445292
0.0418615
0.0530356
0.0501269
0.0447357
0.0497348
0.0460706
0.0427963
0.048418
0.0480986
0.0478457
0.0436976
0.0422558
0.0456348
0.0444636
0.055234
0.047103
0.0468903
0.0498769
0.0450339
0.0465385
0.0496801
0.0504059
0.0443177
0.0536209
0.0446197
0.0555683
0.0485838
0.0430335
0.0481294
0.0524233
0.0533146
0.0498315
0.0477129
0.0472568
0.0527627
0.0420893
0.0430769
0.0515585
0.0443327
0.0460189
0.0443584
0.0468906
0.0478825
0.0429106
0.0478891
0.0522737
0.0517468
0.0476886
0.0454957
0.0476734
0.0469993
0.0429869
0.0407076
0.0441911
0.0511548
0.0451781
0.0438093
0.0434306
0.0500212
0.0446185
0.0399864
0.0431203
0.0421163
0.0450472
0.0452509
0.0430691
0.0392203
0.0418314
0.0420594
0.042742
0.0441408
0.0452323
0.0442235
0.0401408
0.0468742
0.0449594
0.0466902
0.0412169
0.0432444
0.044358
0.0454622
0.0423683
0.0405987
0.044348
0.0466159
0.0407121
0.0458874
0.0422783
0.041005
0.0389044
0.0430909
0.048421
0.0456117
0.0435696
0.0481296
0.0462324
0.0490841
0.0472713
0.0433277
0.0417023
0.0456288
0.0548073
0.0498587
0.0519603
0.0481163
0.0472041
0.047285
0.0506795
0.0470883
0.0450088
0.0427177
0.0442032
0.0438596
0.0469917
0.0455384
0.0432867
0.0447761
0.0507969
0.0458553
0.0564591
0.045144
0.0442112
0.0510625
0.0449683
0.0455735
0.044622
0.0429474
0.0431414
0.0449037
0.0478311
0.045214
0.0433126
0.0502122
0.0455065
0.0456211
0.0513048
0.0439313
0.0374495
0.0407154
0.0450315
0.0434043
0.0472244
0.0449905
0.0456653
0.0499551
0.0480444
0.0453233
0.0392913
0.043068
0.044244
0.0481418
0.0439278
0.0420483
0.0456427
0.0465941
0.0496184
0.0412179
0.0392313
0.0494045
0.0491734
0.0440991
0.0440115
0.0442656
0.0478078
0.0456649
0.0439694
0.044661
0.0517974
0.0436098
0.0442058
0.0418015
0.0499024
0.0498314
0.0451791
0.0421099
0.0427284
0.0448282
0.0498065
0.0421731
0.0438426
0.047669
0.0485904
0.0500205
0.0408703
0.0468667
0.0488275
0.0424117
0.0489831
0.0564319
0.0429961
0.0433031
0.047223
0.0379264
0.0335118
0.0590438
0.0565982
0.0371866
0.044493
0.0386819
0.0451184
0.0438707
0.0430857
0.0500999
0.0447817
0.0457241
0.0503628
0.0432505
0.0477356
0.0426522
0.0414624
0.0519889
0.0465305
0.0507768
0.0446968
0.0470272
0.0513493
0.0468226
0.046134
0.0468238
0.0454818
0.0478482
0.0445385
0.0484498
0.0452238
0.0441184
0.0460892
0.0467459
0.0450899
0.0478104
0.0526229
0.0449104
0.0479606
0.0495358
0.0447659
0.0461436
0.0468952
0.0509819
0.046419
0.0427577
0.0464125
0.0445051
0.0470744
0.0569095
0.0466825
0.0473913
0.0505796
0.0411662
0.0515869
0.0387342
0.0465607
0.0445216
0.0456634
0.043077
0.0441654
0.0438703
0.0410829
0.0424801
0.0410976
0.0463239
0.044718
0.0453198
0.0409295
0.043822
0.0442003
0.0400514
0.0464774
0.0474542
0.0439821
0.0447428
0.0458351
0.0448291
0.0469538
0.0457885
0.0466829
0.0410773
0.0421463
0.0460744
0.0432472
0.0475657
0.0523745
0.0463464
0.043874
0.0449497
0.0443774
0.0491504
0.0512376
0.0449713
0.0449165
0.0500414
0.0487418
0.045712
0.0413985
0.0446209
0.0482764
0.04299
0.0437542
0.0443742
0.049997
0.0493264
0.0453749
0.0461347
0.0403667
0.0482843
0.0462661
0.0425482
0.064075
0.054029
0.0491485
0.0465519
0.0476932
0.049604
0.0473436
0.043073
0.051013
0.0466522
0.0548755
0.0501079
0.052669
0.0427728
0.0560212
0.0597226
0.0491955
0.047463
0.0493389
0.0466363
0.0435495
0.0509522
0.0473866
0.0546749
0.0516252
0.0507335
0.049485
0.0553963
0.0459611
0.0474772
0.0504892
0.0477154
0.0430833
0.0491264
0.0462103
0.0558877
0.0549714
0.0468195
0.0529281
0.0551227
0.0493631
0.041422
0.0498709
0.0559556
0.0445969
0.0487542
0.0459267
0.0498252
0.0519537
0.0457155
0.0472612
0.0500583
0.0462369
0.0486648
0.0498935
0.0492355
0.0527257
0.0498785
0.0478517
0.0524573
0.0497629
0.0443837
0.0504323
0.0461691
0.0456958
0.0516168
0.0469108
0.043827
0.0533912
0.0500875
0.0489789
0.0465926
0.0455917
0.0410675
0.0503413
0.0466441
0.0429801
0.0486588
0.0447548
0.0499974
0.0491179
0.0516265
0.0462622
0.0487041
0.048465
0.0470647
0.048478
0.0507274
0.0450897
0.0465482
0.0436151
0.0421066
0.045861
0.0460433
0.0452294
0.0493584
0.0528611
0.0354286
0.0423827
0.0433965
0.0413364
0.0447762
0.0505856
0.0469732
0.0476217
0.0489594
0.0494455
0.0436619
0.0440922
0.0411186
0.050873
0.0423527
0.0440437
0.0465729
0.0453653
0.048479
0.041961
0.0465459
0.0462158
0.0488457
0.0483815
0.0480909
0.044056
0.0492107
0.050524
0.0446065
0.0463359
0.0445703
0.0488187
0.0483877
0.0476338
0.0491414
0.0458492
0.0468189
0.0452749
0.048268
0.0460603
0.044504
0.0477851
0.0423311
0.0429372
0.0435923
0.0452761
0.0473075
0.0480584
0.0487761
0.0455397
0.048417
0.0431925
0.0491224
0.0497494
0.0475697
0.0520896
0.0460283
0.0413608
0.0413475
0.0462218
0.0453996
0.0465391
0.0489724
0.0457488
0.0491274
0.0472642
0.0431927
0.0465743
0.0445222
0.0496756
0.0458018
0.0440789
0.0458875
0.0505481
0.0494647
0.0474073
0.0426081
0.0474842
0.0454634
0.0442856
0.0431264
0.0449963
0.048728
0.0553484
0.0477733
0.0450031
0.0464501
0.0507077
0.0475441
0.044596
0.0533095
0.0487694
0.056468
0.052787
0.0604962
0.0559478
0.0569715
0.0613846
0.0616304
0.0564658
0.0514178
0.0522814
0.0546477
0.0578646
0.0571584
0.0510685
0.0589441
0.0573879
0.0562456
0.0520593
0.0543841
0.0583462
0.0596445
0.0602254
0.056953
0.0531656
0.0548681
0.0553765
0.0551914
0.0541848
0.0536915
0.0493899
0.0559838
0.0554202
0.0580206
0.0566855
0.0579836
0.0593117
0.0535648
0.0566194
0.0540192
0.0651976
0.0509123
0.0533178
0.0541419
0.0566668
0.0533339
0.0493028
0.0462261
0.0499384
0.0471357
0.0482146
0.0492838
0.049812
0.047626
0.0531276
0.0545804
0.0589168
0.0469154
0.053195
0.0542202
0.0523669
0.055489
0.0523421
0.0544823
0.0600768
0.0568404
0.0595462
0.0484268
0.0519123
0.0518783
0.0525166
0.0539257
0.0453875
0.0531199
0.0474629
0.0493898
0.0548955
0.0467777
0.049313
0.0506752
0.0519752
0.0559504
0.0547609
0.0515775
0.0539258
0.0508458
0.0511479
0.0544409
0.0516637
0.0565204
0.05457
0.0449116
0.0473515
0.0443793
0.0500908
0.0526671
0.0564725
0.049332
0.0491228
0.0558378
0.0493736
0.0507202
0.0475519
0.0674124
0.0563631
0.0494186
0.0557234
0.0483389
0.0532902
0.0492479
0.0514805
0.053187
0.0578976
0.0550449
0.0505045
0.0496172
0.0587153
0.053601
0.0552439
0.0513268
0.0492368
0.0524221
0.052193
0.0564852
0.0556055
0.0547115
0.0548897
0.0568263
0.0544086
0.0573118
0.0576227
0.056357
0.0552252
0.0526424
0.0552864
0.050414
0.0521564
0.0564503
0.0498024
0.0471773
0.0529968
0.0523637
0.0515174
0.0482137
0.0543224
0.0569846
0.052997
0.056581
0.0467454
0.0484429
0.0527541
0.0529207
0.0531788
0.0569347
0.0531251
0.0533523
0.0538419
0.0498286
0.0487174
0.0516679
0.0550927
0.0501958
0.0523319
0.0527086
0.0491515
0.051546
0.0543309
0.051269
0.0518212
0.0568502
0.0474011
0.0537231
0.050905
0.0510576
0.0441677
0.0473957
0.0491027
0.0476292
0.0554814
0.0502134
0.0505138
0.0451269
0.0491655
0.0550084
0.0511096
0.0522284
0.0504853
0.0521143
0.0494788
0.0512055
0.0525371
0.0504202
0.0500963
0.048671
0.0524538
0.0494822
0.0464529
0.0532475
0.0517702
0.0544564
0.049941
0.0496966
0.0452533
0.0480927
0.043251
0.0509714
0.0491315
0.0524019
0.0509023
0.048315
0.0478602
0.0501259
0.0506656
0.0547181
0.0557042
0.0493729
0.0489896
0.0502032
0.0526676
0.0485264
0.053758
0.0460173
0.047389
0.0529669
0.0519082
0.0522096
0.0508135
0.0549667
0.0533888
0.0531462
0.0578592
0.0497045
0.0525484
0.0575371
0.0549905
0.0613805
0.062351
0.0513948
0.0498807
0.0586075
0.0659527
0.0505157
0.0566175
0.0580274
0.0595663
0.0560432
0.0629825
0.0553299
0.0586674
0.0572684
0.0590304
0.0521834
0.0570526
0.0587234
0.0596427
0.0553506
0.0502946
0.0544377
0.0525869
0.0522261
0.0546036
0.0484064
0.0451941
0.053247
0.0511425
0.0485611
0.0517228
0.0490425
0.0465392
0.0453988
0.0497886
0.0539561
0.0481783
0.0454005
0.0480729
0.0483433
0.0529121
0.0541066
0.054442
0.0482248
0.0442654
0.0576446
0.0549171
0.0627468
0.0568691
0.0506083
0.047299
0.0484518
0.0510772
0.0480639
0.0469887
0.0529693
0.0586729
0.0485901
0.05595
0.0512063
0.0542867
0.0492414
0.050664
0.0503149
0.0491783
0.0523774
0.0557897
0.0559858
0.0493889
0.0467969
0.0455744
0.0511976
0.0485891
0.0530118
0.0565278
0.0555318
0.0558748
0.0489232
0.0510405
0.056801
0.0517397
0.0577887
0.0563632
0.0564569
0.0599797
0.0590802
0.0541073
0.0545673
0.0563642
0.0600536
0.0623938
0.0583135
0.054663
0.057443
0.0588294
0.0540317
0.0536152
0.0471611
0.057936
0.053253
0.0521122
0.0515476
0.0492574
0.049554
0.0480487
0.0510532
0.0545049
0.0517762
0.0566832
0.0521548
0.0546178
0.0525692
0.0519224
0.0531975
0.0558794
0.0574653
0.0466468
0.0528344
0.059797
0.0474341
0.0510052
0.0526983
0.04698
0.0462806
0.0528515
0.0510799
0.0532551
0.0533181
0.0467703
0.0452747
0.0490117
0.0494515
0.0502176
0.0519167
0.0493303
0.0552787
0.0454184
0.0493929
0.046653
0.0451208
0.0512593
0.0550177
0.0505341
0.046194
0.0478492
0.0445013
0.0465853
0.0538851
0.0548175
0.048054
0.0498922
0.0460607
0.0501983
0.0512061
0.0481111
0.0523058
0.0551586
0.0480536
0.0522469
0.0525663
0.0497944
0.0435776
0.0473619
0.0487833
0.0468969
0.0495492
0.0514954
0.0439616
0.0468587
0.0453146
0.0450745
0.0504219
0.0454059
0.044888
0.0494286
0.0411905
0.045385
0.0464306
0.0463788
0.0419703
0.050594
0.0465825
0.0497691
0.0422444
0.0450091
0.0472288
0.0474877
0.0457584
0.0462297
0.0482009
0.044985
0.0458698
0.0488953
