0.0438621
0.0682751
0.058035
0.0505091
0.0540482
0.0489316
0.0469878
0.0450103
0.0444958
0.0439085
0.0419401
0.0944439
0.0594126
0.0461391
0.0490526
0.045046
0.0511734
0.0531226
0.053014
0.0484521
0.0526234
0.0514732
0.0551619
0.0493896
0.0529764
0.0501884
0.0461352
0.0509593
0.0526004
0.0509734
0.056023
0.0525514
0.0580502
0.0553268
0.0545485
0.056716
0.0538655
0.0495081
0.0586623
0.046438
0.0532093
0.0493254
0.0534152
0.0487795
0.0516514
0.047574
0.0603423
0.0498592
0.048454
0.0494421
0.0498896
0.0539153
0.0540823
0.043265
0.0485174
0.0444982
0.0581598
0.055371
0.043341
0.0479138
0.0427024
0.043716
0.0503681
0.0462261
0.0427103
0.0474134
0.0413594
0.0387147
0.0487996
0.0423874
0.0428204
0.0492028
0.0433348
0.0434897
0.040567
0.0407172
0.0383519
0.0460812
0.0407157
0.0425512
0.0404193
0.047753
0.042881
0.0405818
0.0400322
0.0388435
0.0436558
0.0411015
0.0406729
0.0368891
0.0468739
0.0436392
0.0438396
0.0453476
0.0425336
0.0440554
0.0391895
0.0498227
0.0428597
0.0426264
0.0401363
0.0389821
0.0449422
0.0405657
0.0399783
0.046269
0.0448751
0.0431468
0.0385209
0.0394521
0.0451412
0.0422369
0.0366524
0.0426237
0.0418816
0.0424477
0.0435753
0.0449103
0.0480415
0.0476576
0.0503139
0.0493641
0.041522
0.0460694
0.0417007
0.0419318
0.0438288
0.0490419
0.0493467
0.0494274
0.0439046
0.0461905
0.0492756
0.0428576
0.0478845
0.0442672
0.0481123
0.0457386
0.0431533
0.0447034
0.0497836
0.0539985
0.0440622
0.0451591
0.0505443
0.0534314
0.0465055
0.0517929
0.0459809
0.045786
0.0507632
0.0547045
0.0536039
0.046506
0.04821
0.0503775
0.0436992
0.0479655
0.049075
0.0579739
0.0429302
0.0484165
0.0458245
0.0517217
0.0485532
0.0479299
0.047372
0.0479861
0.0507039
0.0482318
0.0515327
0.0458603
0.0473677
0.0426399
0.0414988
0.0483645
0.0466942
0.0466881
0.0397503
0.0438086
0.0436355
0.0407171
0.0456945
0.0497752
0.0430207
0.0458304
0.0504368
0.0436581
0.0421663
0.0563648
0.0467849
0.0434756
0.0568351
0.0456348
0.0484202
0.0460616
0.0476732
0.0463873
0.052067
0.0524189
0.0435398
0.0440845
0.044109
0.0416221
0.045768
0.0386264
0.0424727
0.0427067
0.0439355
0.0434794
0.0425509
0.0428457
0.0396399
0.0480847
0.0457905
0.0412607
0.0459712
0.041482
0.0353653
0.0455529
0.04953
0.0462535
0.0440664
0.0458476
0.0483304
0.0464943
0.0475886
0.0473631
0.0427713
0.055573
0.0472945
0.0426926
0.0456641
0.0480243
0.0454035
0.0478432
0.0553775
0.0484827
0.0406048
0.0538519
0.0453037
0.0461597
0.0561116
0.0494175
0.0527451
0.0487561
0.0430239
0.0454429
0.0533388
0.0426588
0.0466709
0.0424602
0.0508412
0.0487359
0.0505043
0.0468419
0.0464359
0.0508692
0.0488501
0.0437744
0.0503244
0.0449205
0.0459261
0.0461029
0.048009
0.0479176
0.0537011
0.0504728
0.0512104
0.0403617
0.0479611
0.0486093
0.0481346
0.0446239
0.0472808
0.0474182
0.0456264
0.044803
0.0465262
0.0564225
0.0457898
0.0448862
0.0429482
0.0461492
0.0505359
0.0479827
0.0443185
0.0486799
0.0498818
0.0407033
0.0394632
0.0453527
0.0484122
0.0427959
0.0386339
0.0441694
0.0490431
0.0477378
0.043825
0.0417391
0.051968
0.0507283
0.0482746
0.0472309
0.0445205
0.0469427
0.0416452
0.0439237
0.0493977
0.0453724
0.0435574
0.043917
0.0495037
0.0498154
0.0472345
0.0387062
0.0475245
0.0410799
0.0442832
0.0432823
0.0475979
0.0436555
0.0430414
0.0472595
0.0450143
0.0449878
0.0426897
0.0406947
0.0433617
0.0452997
0.044573
0.0434221
0.0467007
0.0441924
0.0408528
0.0453747
0.0463673
0.0475339
0.0488045
0.0407287
0.0406008
0.0429693
0.0369663
0.0307467
0.0303403
0.0355274
0.0333868
0.0350227
0.0378864
0.0273413
0.029598
0.0353223
0.0342269
0.0370851
0.0373048
0.0312771
0.0316359
0.0385183
0.0394742
0.0364374
0.0341781
0.0376442
0.0384642
0.0392113
0.0373236
0.039478
0.0362946
0.0471993
0.0431849
0.0363769
0.0484424
0.0539204
0.0380748
0.0448606
0.0422532
0.0512418
0.046604
0.0424704
0.0402293
0.0514074
0.0434883
0.0452234
0.0395758
0.0533019
0.0528132
0.0410686
0.0468401
0.0532401
0.0486167
0.0471048
0.0469728
0.0563651
0.0466428
0.0440994
0.0465323
0.0563219
0.046821
0.0516846
0.0504906
0.0460094
0.0550514
0.0496839
0.0543408
0.0483097
0.0524608
0.0514799
0.0500324
0.0504582
0.0490008
0.0429718
0.0474438
0.049361
0.0459965
0.0442823
0.0481757
0.0423663
0.0438692
0.0443057
0.0485329
0.0432251
0.0424891
0.0469414
0.0471959
0.0439997
0.0479633
0.0423814
0.0468294
0.0460575
0.0471993
0.0511204
0.0455344
0.0445545
0.0424192
0.0449134
0.0436667
0.0446642
0.0501113
0.0502683
0.0451159
0.0462369
0.0505052
0.0473919
0.0502104
0.0497166
0.0427952
0.044443
0.0447371
0.0440694
0.0432645
0.046228
0.048056
0.048185
0.0515404
0.0518062
0.0469639
0.0540515
0.0447343
0.0534656
0.0488747
0.053564
0.0476524
0.045212
0.0535172
0.0540875
0.0466869
0.0479134
0.047967
0.0511994
0.0454163
0.0471739
0.0502097
0.0528685
0.047222
0.0491087
0.0413651
0.0591476
0.0490638
0.0447448
0.0476402
0.0488898
0.0572769
0.047823
0.0448683
0.0416967
0.0494588
0.0494905
0.0488351
0.0465274
0.0463705
0.0455132
0.0486993
0.0474972
0.0540651
0.049607
0.0439912
0.0441488
0.0416128
0.0459724
0.0454651
0.0391523
0.0431244
0.03874
0.0444411
0.0507074
0.055648
0.0424081
0.0427762
0.0424279
0.044503
0.0465339
0.0482399
0.0469428
0.046534
0.0446101
0.0441383
0.0427696
0.0435163
0.0456395
0.0392025
0.0393186
0.0436336
0.0472263
0.0450051
0.042177
0.0439138
0.0457331
0.0452348
0.0420937
0.0460571
0.0413035
0.0464113
0.0500768
0.0548152
0.0485619
0.0433887
0.0430472
0.0438288
0.0475135
0.0585743
0.0454688
0.0447533
0.0472324
0.0404038
0.0479117
0.0426435
0.0410055
0.0415056
0.0417227
0.0435364
0.0492571
0.0432207
0.0437693
0.0434208
0.0420225
0.0561514
0.0441715
0.05361
0.0519063
0.039442
0.0484258
0.0473405
0.0479575
0.0441579
0.0398017
0.0427278
0.0464033
0.0419626
0.0460688
0.0464872
0.0445399
0.0416143
0.0462768
0.0685239
0.0571773
0.0446118
0.0516253
0.0463463
0.0451327
0.0449046
0.045975
0.0492413
0.0506658
0.0486926
0.0496589
0.0458276
0.048741
0.0527199
0.046392
0.0443231
0.0436293
0.0487236
0.0576787
0.0524879
0.0462417
0.0477384
0.0474026
0.0554304
0.0504623
0.0439796
0.0493608
0.0558324
0.0515809
0.0478938
0.0552145
0.0516116
0.053198
0.0551682
0.0488346
0.0517413
0.0486012
0.045342
0.042863
0.0408952
0.0488526
0.040068
0.0430045
0.04592
0.0479483
0.0446237
0.0463628
0.0420573
0.046617
0.046974
0.045198
0.0451298
0.0437492
0.0470931
0.0484992
0.0466558
0.0475826
0.0521142
0.0457178
0.0471877
0.054394
0.042753
0.0491664
0.0533728
0.0572374
0.0487848
0.0501333
0.039863
0.043382
0.049759
0.0489037
0.0473618
0.049875
0.054433
0.0451947
0.0478787
0.0472255
0.0453879
0.0431788
0.0474616
0.0476402
0.0497105
0.0490208
0.0454277
0.0494853
0.043489
0.0440856
0.0485908
0.0481917
0.045561
0.0475511
0.0537263
0.0464937
0.0464382
0.0477247
0.042243
0.0427235
0.0410513
0.0425323
0.0380945
0.0429005
0.0449611
0.0395959
0.0486764
0.0431643
0.0454163
0.0429633
0.0412101
0.0431627
0.0441757
0.045175
0.045034
0.0458122
0.0415869
0.0408947
0.0443483
0.0455533
0.0419334
0.0420555
0.0435272
0.0442701
0.0437074
0.0409157
0.0466424
0.0394513
0.0408218
0.0400844
0.0444051
0.0473093
0.0431864
0.0502311
0.0416895
0.0396793
0.0409443
0.039511
0.0391623
0.0459705
0.043483
0.0431191
0.0413589
0.0429415
0.0392114
0.0462552
0.0468716
0.0502681
0.048934
0.0499806
0.0491142
0.0422211
0.0478992
0.0468697
0.0429935
0.044127
0.0408579
0.0448719
0.0441031
0.0518897
0.0437151
0.0499025
0.0517117
0.0443885
0.0441659
0.0474714
0.0544911
0.0498855
0.0434017
0.0411125
0.045777
0.0480119
0.0462713
0.0454374
0.0460809
0.048485
0.0477013
0.0528169
0.04486
0.0400936
0.0461162
0.0442743
0.0453632
0.0481632
0.0465241
0.0483868
0.0477861
0.0462116
0.0478563
0.0437876
0.0446217
0.046712
0.0472956
0.0481482
0.0471067
0.049568
0.0497899
0.0470286
0.0485715
0.0461494
0.0544203
0.0482788
0.0512773
0.0487394
0.0436322
0.0441118
0.0475112
0.0426377
0.0479311
0.0438891
0.0482608
0.0515771
0.047807
0.0487274
0.0438646
0.0497592
0.0465192
0.0419945
0.0411127
0.0488231
0.0507545
0.0460096
0.0427083
0.0418972
0.0513957
0.0451728
0.0503621
0.0471664
0.0460112
0.0442123
0.0442837
0.0500133
0.0504014
0.043472
0.0427141
0.0448044
0.0401207
0.0443966
0.0489262
0.0504892
0.0381058
0.0462714
0.0505279
0.0448317
0.0485885
0.0460399
0.046464
0.0437307
0.0457226
0.0438927
0.0440045
0.0380741
0.0420154
0.0466104
0.0441741
0.0429379
0.0439593
0.046528
0.0438415
0.0433373
0.0446061
0.0503691
0.0429484
0.0446949
0.0497615
0.0397066
0.0443072
0.0445911
0.0507352
0.0436823
0.0490542
0.0417527
0.046093
0.0464309
0.0452918
0.0441522
0.0423733
0.0435866
0.0418763
0.047242
0.050231
0.0434312
0.0470838
0.0411189
0.0492096
0.044195
0.041734
0.0427737
0.0487882
0.0494544
0.0439469
0.0449155
0.047985
0.0463564
0.0474689
0.0463025
0.0423886
0.0487321
0.0487594
0.0438359
0.0524682
0.042341
0.0452381
0.0463659
0.0428818
0.0455822
0.0389136
0.0438045
0.0456031
0.0493616
0.0494744
0.044826
0.041666
0.0446789
0.0491291
0.0536262
0.0427063
0.0423343
0.0473459
0.0442131
0.0462983
0.0495174
0.0440222
0.0421328
0.045214
0.0476084
0.0440944
0.0466384
0.0438618
0.0428006
0.0470172
0.0498288
0.0526965
0.0445211
0.0506923
0.047733
0.0417752
0.0484956
0.0486826
0.0493731
0.0529421
0.0501133
0.0484054
0.0465999
0.0489095
0.0504932
0.0536737
0.0517195
0.0480142
0.0541079
0.0506831
0.0541686
0.0529045
0.0523352
0.0574885
0.0567582
0.0531854
0.0565674
0.058035
0.0518964
0.0525414
0.0515435
0.0444263
0.0566079
0.0513504
0.0513258
0.051263
0.0537393
0.0565506
0.0525256
0.0489398
0.0521449
0.0511487
0.0518679
0.0478836
0.0495236
0.0497081
0.0542599
0.0553284
0.0560788
0.0528323
0.0465718
0.0489097
0.0505394
0.0521744
0.0553046
0.052632
0.0506986
0.0486095
0.0495521
0.0559161
0.0491404
0.0462774
0.0535251
0.0503248
0.0562894
0.0489674
0.049333
0.0504488
0.0490167
0.051831
0.0587634
0.052014
0.0499083
0.0548952
0.0521773
0.0492954
0.0509024
0.0488708
0.0513231
0.0470223
0.0515188
0.0538836
0.0535033
0.0471021
0.0525992
0.0520653
0.0567105
0.0550105
0.0549777
0.0494337
0.0501307
0.0505075
0.056313
0.0508716
0.0465543
0.0468723
0.0515139
0.0480318
0.0473967
0.0455805
0.0506106
0.0440724
0.0473128
0.0502804
0.0522941
0.0555474
0.0458616
0.0489101
0.048022
0.0457673
0.0521961
0.0480846
0.0568673
0.0488756
0.0513318
0.0509364
0.0452229
0.0552684
0.0511309
0.0540123
0.0557053
0.0530155
0.0455771
0.0497649
0.0469292
0.0539093
0.0538677
0.0491796
0.054829
0.0534269
0.0520512
0.0567158
0.054793
0.0521062
0.0519625
0.0488298
0.0516627
0.0476222
0.0509334
0.0559932
0.0652897
0.054181
0.0488346
0.0507772
0.0506985
0.0534701
0.0523383
0.0503604
0.0490173
0.0550422
0.0544809
0.0549371
0.0553148
0.0538419
0.0513189
0.0544935
0.0540684
0.0520511
0.0506671
0.0472496
0.0521808
0.0558229
0.0477989
0.0475901
0.0571097
0.0500035
0.0455561
0.0470376
0.0537885
0.0467919
0.0520538
0.0502917
0.0533456
0.0517676
0.0493559
0.0462866
0.0488388
0.0530955
0.051752
0.0464542
0.0534761
0.0538687
0.0543192
0.0511081
0.0504708
0.049189
0.050887
0.0507212
0.0471634
0.0517988
0.0520342
0.0460607
0.0451294
0.0529054
0.0508687
0.0591513
0.0535914
0.0509682
0.0486524
0.044235
0.0520499
0.0469354
0.0497473
0.0486068
0.0526467
0.0503368
0.0486693
0.0593828
0.049453
0.0428484
0.0513429
0.0496911
0.0477892
0.0533683
0.0500619
0.0471476
0.0541204
0.0497021
0.0503099
0.054236
0.0476127
0.0497731
0.0464563
0.0472321
0.0465221
0.0514637
0.0486683
0.0445718
0.047945
0.0492844
0.0554443
0.0562437
0.048953
0.0501084
0.0517272
0.0505276
0.0503081
0.0493272
0.050608
0.049517
0.0489597
0.0496266
0.0499174
0.0483692
0.0510022
0.0507871
0.050655
0.0473312
0.047317
0.0495682
0.0491918
0.0519801
0.0522724
0.0594467
0.0558854
0.0506425
0.0494004
0.0454683
0.0498155
0.0445596
0.0451507
0.0516541
0.0670226
0.0582182
0.0506
0.0522019
0.0564386
0.0558544
0.0548689
0.0538195
0.0587306
0.0599712
0.0590858
0.0512047
0.0559448
0.0599006
0.0602876
0.0591019
0.0463425
0.058662
0.0518551
0.0542764
0.0509839
0.0437756
0.0473983
0.0495743
0.046202
0.0424168
0.0476423
0.0458829
0.0512804
0.0452027
0.0472398
0.0434765
0.0415613
0.0478399
0.0452662
0.0458354
0.0429338
0.0420027
0.0516885
0.0413387
0.046176
0.0494242
0.0513295
0.0488648
0.0491961
0.0514418
0.0437186
0.0438622
0.0492879
0.0478806
0.0420393
0.0514909
0.0476624
0.0468633
0.0455005
0.0475923
0.0429995
0.0509701
0.0524172
0.0548484
0.0577517
0.0584666
0.0478739
0.0465515
0.050367
0.0510911
0.0503347
0.0490893
0.0523231
0.0471392
0.0501979
0.0711157
0.0545785
0.055915
0.0543388
0.0566621
0.0501428
0.0493935
0.056842
0.0672535
0.0633152
0.0617839
0.0500348
0.0507102
0.050964
0.0507488
0.0576581
0.0534461
0.0567589
0.0438462
0.0501573
0.0528002
0.0503529
0.0472935
0.048678
0.0514192
0.0509609
0.049403
0.0522879
0.0566107
0.0467216
0.0471147
0.0477633
0.0504939
0.0506196
0.0517162
0.0488374
0.049586
0.0599768
0.0547574
0.0467921
0.0473702
0.0473461
0.0470957
0.0506315
0.048698
0.0507441
0.0486091
0.0442836
0.0461677
0.0481095
0.0423245
0.0485736
0.0446114
0.0465179
0.0494878
0.0476362
0.0501867
0.047527
0.0480206
0.04752
0.0543416
0.0505024
0.0517893
0.0494083
0.0486522
0.051294
0.0483218
0.0520268
0.0473477
0.0469604
0.0495342
0.052122
0.0538157
0.0482992
0.0532869
0.0548957
0.0498244
0.0495636
0.0450578
0.0492151
0.0521597
0.0517419
0.0504178
0.0477441
0.0433484
0.0437677
0.047173
0.0508034
0.0451919
0.0575621
0.0450052
0.0507026
0.0497252
0.049674
0.0491804
0.0491682
0.0442588
0.0477759
0.0464479
0.0529025
0.0513955
0.043768
0.0475803
0.0540193
0.0458819
0.0433069
0.0469781
0.0460931
0.0436087
0.0468165
0.0456059
0.0539485
0.0456316
0.0436025
0.0542717
0.0464036
0.0520647
0.0445521
0.0446428
0.0477523
0.0438213
0.0433156
0.0538772
0.0522569
0.0575264
