0.0705964
0.137185
0.0865079
0.0579113
0.053494
0.0668633
0.0594529
0.0633266
0.0925312
0.0595454
0.0585201
0.062887
0.0656776
0.0636814
0.0724237
0.0698576
0.0533991
0.0705101
0.0723981
0.0623417
0.0644793
0.0669027
0.0582274
0.070079
0.0649841
0.060942
0.0655298
0.0639922
0.058707
0.0607937
0.0623947
0.0558763
0.0538321
0.0602998
0.0639208
0.0621572
0.0539391
0.059892
0.0566179
0.0624545
0.0605337
0.0567372
0.0655458
0.0828233
0.0531603
0.0678976
0.0600016
0.0630098
0.057821
0.0665005
0.0657345
0.0608626
0.0559253
0.0614932
0.078956
0.0660616
0.0574882
0.0595692
0.0563208
0.0691666
0.056907
0.0637988
0.0673588
0.0567325
0.0713094
0.0595545
0.0613749
0.0560294
0.0657814
0.0695318
0.0588173
0.0671239
0.0672238
0.0590215
0.0587283
0.0905635
0.0936418
0.0605865
0.0647172
0.0703692
0.0635558
0.0622222
0.0904969
0.0617998
0.0548738
0.0623474
0.0740495
0.0631665
0.064356
0.0625624
0.0627962
0.0631874
0.0660036
0.058542
0.0600243
0.0775455
0.0682191
0.0621794
0.0607319
0.0595609
0.0637361
0.0649335
0.0659305
0.0607766
0.0569503
0.0591264
0.0589131
0.0655092
0.0614188
0.0603291
0.0625078
0.0684782
0.0663516
0.0542499
0.0729699
0.0664783
0.0600215
0.0651362
0.0668517
0.0609751
0.0550813
0.0611184
0.0577337
0.0621203
0.0654137
0.0625402
0.0643687
0.062234
0.0687877
0.0633895
0.0620386
0.0637933
0.0648164
0.0783144
0.0630182
0.0567525
0.0607512
0.0597706
0.0626385
0.065167
0.0623579
0.0686602
0.0619773
0.056799
0.0670507
0.0674819
0.0652722
0.054857
0.0561491
0.0643768
0.0592726
0.0664026
0.0505043
0.0640369
0.0573054
0.0573376
0.0545492
0.0559876
0.0566366
0.0547472
0.0556102
0.0515141
0.0582965
0.0554856
0.0559079
0.0550351
0.0556306
0.0593122
0.0619154
0.0535681
0.0578354
0.064161
0.0627722
0.0532627
0.0594463
0.0565996
0.0543377
0.0584799
0.0606318
0.0559858
0.0549995
0.0599937
0.0640225
0.058767
0.0570767
0.0632952
0.0595188
0.0587373
0.0502168
0.0590353
0.0654226
0.0599783
0.059709
0.0643196
0.0643487
0.0552905
0.0540196
0.0551047
0.0586551
0.0589567
0.0542436
0.0621929
0.0587078
0.0606546
0.0600971
0.0518398
0.0539727
0.0532483
0.0605624
0.0553123
0.0543729
0.0552246
0.0495655
0.0580097
0.0561813
0.0513059
0.0563836
0.0503054
0.0546596
0.0513875
0.0516101
0.0529389
0.0566384
0.0471838
0.0570966
0.0588548
0.0531015
0.0565464
0.0529986
0.0568002
0.0629843
0.0520752
0.0591443
0.0545504
0.0556691
0.0589319
0.0659868
0.0635999
0.0640735
0.0564918
0.0590417
0.0570487
0.0613159
0.0500361
0.0561393
0.0633679
0.0551401
0.056075
0.053597
0.056144
0.0524182
0.0567431
0.0524519
0.0542888
0.0556355
0.0536401
0.056232
0.0552993
0.0599442
0.0590945
0.0598408
0.0571256
0.0541104
0.0531556
0.0578127
0.0560681
0.0543079
0.065853
0.0582227
0.0552234
0.0552628
0.0577968
0.0513407
0.0565105
0.0573071
0.055454
0.0607674
0.0575433
0.0612476
0.0521256
0.0562093
0.0583369
0.050909
0.0636471
0.0560724
0.0541481
0.0580329
0.0575589
0.0612676
0.052216
0.0523491
0.0598174
0.0593758
0.0553683
0.0510953
0.0572365
0.0568378
0.0501713
0.0643948
0.0531948
0.052955
0.0548979
0.0702723
0.0564266
0.0527798
0.0542759
0.0568127
0.0564359
0.0499902
0.0561103
0.0530709
0.0499487
0.0553122
0.0530755
0.0492765
0.0544523
0.0524309
0.0543235
0.0550835
0.0526264
0.055212
0.0521955
0.0510525
0.0504802
0.0539331
0.0561654
0.058172
0.0560493
0.0568468
0.0572198
0.0530237
0.0564949
0.0576233
0.0562874
0.0550747
0.0528425
0.0560294
0.0562936
0.0543086
0.0500573
0.0577094
0.0535575
0.0504219
0.0562035
0.0542084
0.0553089
0.0567896
0.0588124
0.0603513
0.0784787
0.0602073
0.0511961
0.059342
0.0602579
0.0603364
0.0605623
0.0584826
0.0567911
0.0578368
0.0603814
0.0619373
0.058152
0.0599894
0.0544215
0.0538426
0.0634716
0.0615687
0.0540637
0.057275
0.0570331
0.0598066
0.0539924
0.0547518
0.0572801
0.0565187
0.0679117
0.0564258
0.057983
0.0632856
0.0608271
0.0570169
0.0628936
0.0552353
0.0556462
0.0550306
0.0555975
0.061752
0.0604169
0.057836
0.0512401
0.0588527
0.0570525
0.0607483
0.0609104
0.0666077
0.0566998
0.0590808
0.0588246
0.0564061
0.0613338
0.0536472
0.0590314
0.0632841
0.0570907
0.056886
0.0529003
0.0543169
0.0538782
0.058404
0.0534642
0.0557977
0.0576424
0.0580153
0.0580414
0.0618683
0.058802
0.0594038
0.05798
0.0567299
0.0580454
0.0583279
0.053278
0.0586643
0.0621513
0.0618493
0.0545692
0.0604521
0.0596894
0.0577722
0.0580007
0.0587635
0.0535108
0.061349
0.0577535
0.0626465
0.0575838
0.0565954
0.0511501
0.0611097
0.0621685
0.0608413
0.0547458
0.0601788
0.0592827
0.0614079
0.0564896
0.0572349
0.0584948
0.0570356
0.0565401
0.062388
0.0655979
0.0604999
0.0587837
0.057115
0.0586395
0.0632539
0.0632245
0.0594698
0.061848
0.0521489
0.0566829
0.0563586
0.0584812
0.0614331
0.0573697
0.0621493
0.0628355
0.0582593
0.0599916
0.06021
0.0567495
0.0589427
0.0564833
0.0532677
0.0596795
0.0653293
0.0588107
0.0592108
0.0603661
0.052209
0.0626204
0.0546538
0.0571886
0.0541798
0.0581529
0.0548583
0.0585223
0.0644698
0.0716029
0.0691824
0.0594437
0.0625025
0.0674611
0.0680969
0.0636564
0.0679962
0.0560962
0.0569827
0.0637961
0.0570098
0.0607687
0.0583882
0.0575613
0.0578036
0.0574886
0.0624196
0.0590995
0.0607095
0.0597023
0.0610985
0.0587998
0.0695712
0.0668293
0.061051
0.0653234
0.0641154
0.0605783
0.0579612
0.058483
0.0579325
0.0585064
0.062562
0.0599171
0.0590107
0.0641164
0.0609896
0.061159
0.0560457
0.0616772
0.068194
0.0645258
0.0573947
0.06074
0.0638753
0.0632264
0.0589656
0.0596498
0.057546
0.0567428
0.0602225
0.0656873
0.0590075
0.0704505
0.0561887
0.0593751
0.060331
0.057191
0.0577659
0.065356
0.0619159
0.0661019
0.0609091
0.0606086
0.0664041
0.0663397
0.0683089
0.0618301
0.0602659
0.0636354
0.0672477
0.0698092
0.069414
0.0664613
0.064456
0.0681838
0.0633868
0.0601682
0.0654515
0.0712657
0.0622494
0.0649774
0.0599259
0.0636147
0.0588456
0.0667278
0.0640826
0.0628295
0.0687284
0.0603478
0.059145
0.061348
0.0648371
0.0675937
0.0558896
0.062567
0.0680493
0.0636253
0.0594336
0.0573251
0.0612739
0.065392
0.0619532
0.0568572
0.0597227
0.0598305
0.0599865
0.0651446
0.0614067
0.0630362
0.0598322
0.0584394
0.0581947
0.0641955
0.0613299
0.0608449
0.0613117
0.0552741
0.0635068
0.0558794
0.0566095
0.0565481
0.0610827
0.0583826
0.0599567
0.0649573
0.0580364
0.0549348
0.0587104
0.0564778
0.0598251
0.0593912
0.0567164
0.0531508
0.061343
0.0617069
0.0610677
0.0593167
0.0495501
0.0556332
0.0601282
0.0599779
0.0597907
0.0597357
0.0607582
0.0603971
0.063811
0.059671
0.0625048
0.0649153
0.0597517
0.0630767
0.0645187
0.0595436
0.0585431
0.0655466
0.0708659
0.0622016
0.0722705
0.0590351
0.0530431
0.0604517
0.0635423
0.0647123
0.0600465
0.0572889
0.0663894
0.071903
0.0673523
0.060971
0.0676801
0.0597103
0.0661348
0.0707024
0.0631392
0.0620809
0.0624135
0.0635517
0.0640254
0.0659549
0.0619252
0.0768163
0.0776734
0.0771563
0.0633489
0.069949
0.0678305
0.059537
0.0590617
0.0616737
0.0600497
0.0643086
0.0690499
0.0625686
0.0600926
0.0645023
0.0646091
0.0730406
0.0612775
0.0511059
0.0704447
0.0631429
0.0570431
0.0595984
0.0654499
0.0663333
0.0576927
0.0636424
0.0614052
0.0584018
0.0594956
0.0665236
0.0657635
0.0647079
0.0702597
0.0614278
0.0621708
0.0644768
0.0575057
0.058067
0.0604717
0.0614343
0.0582702
0.0700722
0.0618128
0.0587298
0.0579258
0.0529758
0.0517655
0.0608444
0.068168
0.0698144
0.0564678
0.0552923
0.0605846
0.0587744
0.0551691
0.0533058
0.080808
0.0584467
0.0611819
0.060063
0.0610138
0.081583
0.0641063
0.0643011
0.068242
0.0732938
0.0676857
0.067299
0.0682317
0.0812514
0.0702838
0.0646218
0.0635097
0.0713182
0.074708
0.0713411
0.0872821
0.0779593
0.0729419
0.0799275
0.0624053
0.0633771
0.0672455
0.0714043
0.0757503
0.0686999
0.0608241
0.0670165
0.0686583
0.0646449
0.0655144
0.0651361
0.0721608
0.0645782
0.0640195
0.0628753
0.0744749
0.0660171
0.07026
0.072053
0.0770693
0.074338
0.0771681
0.069795
0.0673899
0.0741601
0.0742563
0.0815262
0.0716033
0.0683028
0.0689646
0.0663215
0.0659967
0.0717302
0.0612158
0.0632874
0.0695622
0.0604857
0.0591356
0.061131
0.0611999
0.0707721
0.0706586
0.0640852
0.0586689
0.0614235
0.0691046
0.0623968
0.0572594
0.0592355
0.0616577
0.0693843
0.0672689
0.0637126
0.0597194
0.0641738
0.0649575
0.0578822
0.0618801
0.0586718
0.0686192
0.0642863
0.0664168
0.0643998
0.0769068
0.058581
0.0630029
0.0602083
0.0614791
0.0601341
0.0639709
0.0618028
0.0663642
0.0666805
0.0593447
0.0634745
0.0599013
0.0626265
0.0610131
0.0582798
0.0606772
0.0586716
0.0590555
0.058808
0.0566028
0.0611306
0.0730698
0.0601256
0.0596002
0.058498
0.0659646
0.0625046
0.0630444
0.0647373
0.062519
0.0621733
0.068777
0.063695
0.0599873
0.0667225
0.0543731
0.0600351
0.0629993
0.0608616
0.0566263
0.0601566
0.0633389
0.059632
0.0596218
0.0614766
0.0608829
0.0562045
0.0570063
0.0567231
0.0594082
0.0683954
0.0665113
0.0640962
0.0650524
0.067024
0.0655519
0.062531
0.0635344
0.0676304
0.0703183
0.0657052
0.0637132
0.0583856
0.0617257
0.0643137
0.0615229
0.0573777
0.0616798
0.067346
0.0616752
0.0612187
0.0629359
0.0799765
0.0622758
0.066492
0.0700153
0.0757449
0.0692786
0.0708877
0.0684321
0.0675405
0.0723415
0.0749554
0.0769222
0.0673606
0.071134
0.0708697
0.0770578
0.0740144
0.0707192
0.0631001
0.0677702
0.0737606
0.073593
0.0776724
0.0734542
0.0690755
0.0788686
0.0700668
0.0717551
0.0784394
0.0769992
0.0723088
0.066097
0.0656338
0.0714546
0.0699938
0.0782216
0.0714979
0.0769813
0.0708518
0.071862
0.0681151
0.0733205
0.0745422
0.0734891
0.0779582
0.0701495
0.0733411
0.0712213
0.0702499
0.0687631
0.0694433
0.0698922
0.072734
0.0770334
0.0834876
0.0666062
0.0779804
0.074807
0.0909553
0.0737238
0.0741152
0.0742064
0.0781112
0.0693607
0.0988738
0.0799644
0.0733966
0.0678511
0.0669781
0.0738607
0.0763076
0.0843381
0.0743475
0.0728199
0.0735311
0.0670059
0.0752111
0.0730115
0.0729597
0.0692468
0.0748532
0.0797167
0.0750768
0.0759925
0.0799701
0.0802555
0.0921244
0.0783153
0.0926123
0.0713464
0.0839647
0.0716545
0.0790171
0.0859272
0.0841354
0.0752238
0.0756437
0.0736196
0.0763402
0.0726904
0.0753349
0.0805592
0.0792835
0.076907
0.0754678
0.094866
0.0813836
0.068094
0.0701935
0.0686638
0.0686859
0.0723868
0.0682014
0.0695679
0.0783181
0.0650153
0.0757504
0.069026
0.0658937
0.0663781
0.073534
0.0869248
0.0747931
0.0767421
0.0753462
0.0745816
0.0821719
0.0815834
0.0717366
0.0662379
0.0627778
0.0635337
0.0658267
0.066921
0.0704698
0.0650159
0.0649186
0.0692169
0.0689554
0.0702828
0.0876299
0.0744862
0.0725094
0.0693296
0.0681041
0.0679861
0.0761713
0.0752727
0.0765721
0.0685263
0.0683525
0.0748487
0.0681278
0.0675438
0.0705661
0.0762612
0.0750635
0.074183
0.0858623
0.0748012
0.0761906
0.0740177
0.0739454
0.0828988
0.0778654
0.0743028
0.103879
0.0940567
0.0811211
0.0790705
0.0789689
0.0793237
0.0796584
0.0804305
0.0737196
0.0812041
0.0704901
0.0685297
0.067756
0.0750323
0.0796151
0.070507
0.0794811
0.0762696
0.0732529
0.0741472
0.0766513
0.0669617
0.0677416
0.0716078
0.0677889
0.0716978
0.0663181
0.0761923
0.0684778
0.0726645
0.0681248
0.0709468
0.0689848
0.0699858
0.0709448
0.072902
0.0698215
0.0770332
0.0736653
0.068311
0.0634144
0.0636988
0.0689661
0.0623029
0.0726595
0.0668364
0.0699835
0.0737447
0.0851395
0.0754182
0.0743337
0.0730174
0.0700003
0.0649417
0.0706948
0.0684924
0.0643742
0.0675989
0.0627844
0.0667287
0.0691903
0.0620826
0.0692326
0.0655113
0.0683751
0.0700294
0.0682186
0.07382
0.0700595
0.0723784
0.0698481
0.0652482
0.0652356
0.0681491
0.0692099
0.0685606
0.0651726
0.0628447
0.0635398
0.0641331
0.0582204
0.0575334
0.0658802
0.0596174
0.0582295
0.0590015
0.0612895
0.063542
0.0607467
0.0653188
0.0628729
0.0651563
0.0632394
0.0599834
0.060027
0.0663968
0.0711523
0.0561185
0.0661091
0.0578571
0.0655496
0.0644501
0.0615617
0.0591705
0.068603
0.0634269
0.0653977
0.072098
0.0652097
0.0790589
0.0743914
0.0762068
0.0645962
0.0646477
0.0746054
0.0678141
0.0647463
0.0613908
0.0625415
0.0554906
0.0599836
0.0619239
0.0638956
0.0635094
0.075373
0.0698686
0.0632517
0.0675538
0.065869
0.0624234
0.0678588
0.0680978
0.0712838
0.0660697
0.0674527
0.0725713
0.0703937
0.062824
0.0656579
0.0640808
0.0663923
0.0612764
0.0669695
0.06302
0.0677318
0.0718921
0.064344
0.0612478
0.0698344
0.0687575
0.0625991
0.0679015
0.063729
0.0639637
0.0638292
0.06969
0.0655072
0.068174
0.0704779
0.0686272
0.0650162
0.0644864
0.0631149
0.0675544
0.0678503
0.0858659
0.099971
0.0716861
0.0731609
0.0685628
0.0711528
0.0698767
0.0760934
0.0814532
0.0901568
0.0829002
0.0788801
0.0704174
0.0677187
0.0667339
0.0727637
0.0661887
0.0660377
0.0756744
0.0734606
0.0745281
0.0914798
0.0709707
0.0728389
0.0701966
0.0728895
0.0735215
0.0784949
0.0750319
0.0734631
0.0697595
0.0749449
0.0789897
0.0791789
0.069657
0.0761034
0.0772277
0.0878428
0.0729535
0.0790421
0.0698735
0.0816625
0.0811484
0.0830947
0.0757756
0.0748162
0.0732259
0.0766013
0.0730158
0.0698315
0.0724988
0.0617265
0.0738681
0.0712165
0.0689621
0.0712886
0.0735371
0.0717575
0.0651062
0.0696113
0.0714243
0.0741601
0.0699878
0.071292
0.0647021
0.0610646
0.0690843
0.0686147
0.0679798
0.0635768
0.0642041
0.0701255
0.0743744
0.0690899
0.0759932
0.0761542
0.0748599
0.0750486
0.0698385
0.0673477
0.0744256
0.066903
0.0684486
0.0688326
0.0736799
0.0687002
0.0709382
0.0728172
0.0699906
0.0775195
0.0711675
0.0745344
0.0728057
0.0822246
0.070054
0.0723349
0.069006
0.0660383
0.0841063
0.0838324
0.0854973
0.0786792
0.0782929
0.0815341
0.0723864
0.0759245
0.0752713
0.069494
0.076886
0.0789477
0.0745047
0.0763958
0.0754471
0.0682036
0.0670567
0.0657239
0.0711256
0.0635365
0.0679804
0.0636879
0.0634593
0.0685406
0.0719278
0.062509
0.0679209
0.0754383
0.0692754
0.067111
0.0734418
0.0725284
0.071578
0.073933
0.0751838
0.0695363
0.0694462
0.070487
0.0688588
0.0738495
0.0808248
0.0753524
0.0726749
0.0661432
0.0670187
0.0721728
0.0795351
0.0796354
0.0679631
0.0731119
0.0757088
0.0797582
0.0694656
0.0705305
0.0700734
0.0758431
0.0723758
0.0724384
0.0714676
0.0685868
0.0736611
0.0733261
0.072508
0.0751855
0.0782353
0.0745539
0.0771066
0.0843043
0.0742438
0.0756491
0.0779888
0.0784753
0.10236
0.0778426
0.0718675
0.0713006
0.0824312
0.074618
0.0810499
0.0881198
0.0786367
0.0869932
0.0834448
0.0780266
0.0782491
0.0744795
0.0818735
0.074305
0.0798265
0.0666822
0.0684011
0.0724997
0.0715095
0.0729982
0.0798787
0.0782435
0.0751052
0.0823847
0.0729883
0.0721579
0.0847718
0.074988
0.0872534
0.0763544
0.0795384
0.0723216
0.0693837
0.0761737
0.0831044
0.0843935
0.075512
0.080463
0.0815803
0.074556
0.0764666
0.0765958
0.0774803
0.0824476
0.0690385
0.0734107
0.0654178
0.0754856
0.072312
0.077675
0.0761394
0.0713783
0.0722685
0.0742221
0.0721425
0.0791608
0.0753814
0.0762251
0.0727246
0.0724889
0.0818068
0.071687
0.0705199
0.0704642
0.113685
0.0737482
0.0781418
0.0705083
0.0728538
0.0854879
0.0732762
0.0717522
0.0750778
0.0779595
0.0670246
0.0782383
0.0792293
0.0825221
0.0815361
0.0729439
0.0741437
0.0759248
0.0829535
0.0663338
0.0741133
0.0818091
0.0710638
0.0718092
0.0873765
0.0759613
0.067806
0.0722041
0.073002
0.0709502
0.0749791
0.0676496
0.0715892
0.0736492
0.0744297
0.0726552
0.0794017
0.07016
0.0785937
0.0766725
0.0732346
0.0733951
0.0753944
0.0705757
0.0785399
0.0695877
0.0718234
0.0739781
0.0737907
0.0762069
0.0839687
0.0742635
0.0729197
0.0743598
0.0770203
0.0675512
0.0714077
0.0743845
0.072199
0.0731925
0.0685459
0.0712746
0.0769515
0.0801299
0.0780668
0.0782031
0.0764244
0.0762899
0.0712973
0.0762159
0.0761888
0.0731967
0.077607
0.0673702
0.0680134
0.0674956
0.064891
0.0704868
0.0740073
0.0758919
0.0686614
0.0719385
0.0716229
0.0740817
0.0741223
0.0819307
0.086123
0.0761272
0.0772056
0.0739854
0.076629
0.0803433
0.0771164
0.0716689
0.0724446
0.074204
0.0726036
0.0729282
0.0731832
0.0660824
0.0708998
0.068346
0.0662406
0.0680598
0.0690639
0.0716446
0.065201
0.0631678
0.0649202
0.0750343
0.0679815
0.0720786
0.0706131
0.0720203
0.0627212
0.0622584
0.0713866
0.0743109
0.0730728
0.0680617
0.0676693
0.0676143
0.0679886
0.0697528
0.0694068
0.0729092
0.0726158
0.0723427
0.0746327
0.0700944
0.0721995
0.0767898
0.0774689
0.0697129
0.066594
0.0650928
0.075166
0.075546
0.0740633
0.0667407
0.073513
0.0788261
0.0753528
0.0743359
0.0732172
0.0668422
0.0711048
0.077745
0.077881
0.0705778
0.0790756
0.0756768
0.0666834
0.0644645
0.0806899
0.0749869
0.0701437
0.0791026
0.0696383
0.0728393
0.0724172
0.0851922
0.0735229
0.0829478
0.0790989
0.071631
0.069816
0.071145
0.0765644
0.0866486
0.0711202
0.0800827
0.0794885
0.073509
0.0680351
0.075521
0.0786169
0.066507
0.072539
0.0690277
0.0798332
0.0700684
0.0693422
0.0733009
0.0741154
0.073946
0.0795736
0.0737097
0.0722917
0.0751224
0.0756117
0.0701533
0.0766157
0.0656917
0.0715028
0.0754668
0.0731649
0.0738283
0.0809334
0.069224
0.0764721
0.0741109
0.0710766
0.0728729
0.0723719
0.0757303
0.076455
0.0718555
0.0737797
0.0748634
0.0761823
0.0698016
0.0755211
0.0783691
0.074334
0.0759237
0.0778642
0.0750363
0.0706504
0.077752
0.0801375
0.0821237
0.0706189
0.0739314
0.0784627
0.0787795
0.0795145
0.0753221
0.0709296
0.072084
0.0727829
0.070613
0.0693455
0.0723658
0.0695219
0.0687554
0.0711134
0.0682221
0.0698873
0.0726992
0.0681154
0.0722044
0.0749359
0.0649926
0.0669972
0.065435
0.0767543
0.0681328
0.0681988
0.0756895
0.0719415
0.0691952
0.0697284
0.0631219
0.0750019
0.0721278
0.0808744
0.0727403
0.077116
0.0777346
0.075741
0.06959
0.0640526
0.0736745
0.0809817
0.0726757
0.074092
0.073929
0.0790259
0.0770013
0.0740327
0.0729195
0.068317
0.0732775
0.0728434
0.0722453
0.0709473
0.0727788
0.0807673
0.0727936
0.0725143
0.0722962
0.0752445
0.0795201
0.0808355
0.0826272
0.0867045
0.084066
0.0854913
0.0732667
0.0738551
0.0845776
0.0727359
0.0724486
0.0722047
0.0755563
0.0740312
0.0797963
0.0754018
0.0692741
0.0726414
0.0734207
0.0771991
0.0710808
0.0748406
0.0779817
0.0745654
0.073928
0.0670412
0.0710109
0.0711723
0.070306
0.069554
0.0685301
0.0655539
0.0733919
0.0649647
0.072852
0.0729158
0.0760985
0.0716083
0.0735173
0.0685312
0.0680956
0.0738156
0.0706234
0.0733253
0.072313
0.0797332
0.0784988
0.0709609
0.0722491
0.0737646
0.0873214
0.0793918
0.0812357
0.077217
0.0722153
0.0743368
0.068937
0.0814259
0.0825148
0.0827905
0.0781842
0.0830054
0.0719827
0.0819513
0.0783259
0.0738689
0.0816639
0.0847723
0.080646
0.0718492
0.0706905
0.0778333
0.0734298
0.0745836
0.0708227
0.0732612
0.0654708
0.0737655
0.0764107
0.0730262
0.0792419
0.0723497
0.0782728
0.075482
0.0827715
0.0786511
0.0781131
0.0770445
0.0809376
0.0740127
0.0864213
0.0782536
0.0699359
0.0737393
0.0778306
0.0807842
0.0715088
0.0746999
0.0751703
0.0740464
0.0663868
0.0681584
0.0700963
0.0682746
0.0686
0.076838
0.0701539
0.0696665
0.071395
0.0669576
0.0656891
0.0665852
0.0701683
0.0667303
0.0688604
0.0670979
0.0660002
0.0685093
0.0587382
0.0687655
0.0679056
0.059076
0.061009
0.0663804
0.0626192
0.0758181
0.0698461
0.0663746
0.0710545
0.0759852
0.0613686
0.0580344
0.05952
0.0613267
0.0656633
0.0594573
0.0614806
0.0634503
0.0771229
0.0630254
0.0648798
0.0628711
0.0577312
0.0545343
0.0594607
0.0590251
0.060193
0.0640053
0.0659181
0.0682417
0.0662892
0.0627615
0.0610868
0.0629866
0.0712542
0.062379
0.0628123
0.0539973
0.054422
0.0585503
0.0582387
0.0584074
0.0533934
0.056612
0.0523636
0.0526726
0.061115
0.057369
0.0609268
0.0579431
0.0545986
0.054746
0.0562458
0.0568348
0.0576097
0.0547537
0.0526013
0.0546513
0.0558661
0.0582416
0.0636731
0.0530279
0.0579044
0.0583079
0.0580729
0.0628453
0.0561657
0.0582612
0.0562273
0.0601243
0.0676911
0.0637376
0.0554028
0.0607285
0.059801
0.0605199
0.0562496
0.0577965
0.0573652
0.0536646
0.0632498
0.0600545
0.0678446
0.0538403
0.0629545
0.0580761
0.05893
0.0572998
0.0581523
0.0558398
0.0544808
0.0509238
0.0594449
0.0600461
0.0593932
0.0589723
0.0572795
0.0544636
0.0527344
0.0578868
0.0736941
0.0669346
0.0626026
0.0562262
0.0722719
0.0521782
0.0602987
0.0603382
0.0710595
0.0666797
0.0796329
0.0573925
0.0592507
0.0727353
0.0611043
0.0593008
0.0602704
0.0592023
0.0604222
0.0517969
0.0605442
0.056363
0.0633903
0.0634021
0.0603816
