0.0852372
0.103203
0.0767893
0.0541409
0.0538001
0.0693276
0.0732042
0.0689604
0.0622413
0.0571
0.0648335
0.0601961
0.0602003
0.0597979
0.0604226
0.067072
0.065524
0.0590861
0.0623434
0.0679143
0.0585992
0.0641309
0.0653573
0.0622168
0.0644104
0.0629954
0.0624141
0.0708818
0.0670355
0.0678717
0.0656605
0.0638416
0.0574491
0.0637783
0.0580363
0.0692411
0.0574984
0.066694
0.0639747
0.0575352
0.0582592
0.0602801
0.0653751
0.0636318
0.0634999
0.0563666
0.0589504
0.0591191
0.0589342
0.0629781
0.0608125
0.0625239
0.0663108
0.0529523
0.0569784
0.0599795
0.0659231
0.0910845
0.0612693
0.0694797
0.0642422
0.0607654
0.0526759
0.0607295
0.0653482
0.0640076
0.0562926
0.0609054
0.0596496
0.0590504
0.0601713
0.0598691
0.0570041
0.0534074
0.0557035
0.0640559
0.0596813
0.0735276
0.0632644
0.0591864
0.062679
0.0778802
0.0751104
0.0571213
0.0636291
0.080731
0.0630535
0.0619885
0.0723349
0.0640331
0.0709695
0.0667334
0.063384
0.060276
0.0556258
0.0656929
0.0614813
0.0618401
0.0666105
0.0612086
0.0657976
0.0631467
0.0617586
0.0622072
0.0655592
0.0631841
0.0593095
0.0597549
0.0582185
0.0574439
0.0664049
0.0650144
0.0578025
0.0616898
0.0647539
0.0579068
0.0533901
0.0825095
0.0611271
0.0575725
0.065488
0.0637498
0.0627455
0.0573234
0.0584886
0.0653472
0.0541269
0.0583515
0.0609465
0.109138
0.065725
0.0898518
0.0941906
0.0703461
0.0665581
0.0685682
0.0654107
0.0704223
0.0674098
0.0656648
0.0644638
0.061688
0.063559
0.0585827
0.0594616
0.058997
0.0720006
0.07108
0.0660946
0.0728424
0.0601884
0.0605939
0.0553654
0.0647605
0.0560716
0.0591899
0.058832
0.0599946
0.0584886
0.0552418
0.0587606
0.0722017
0.0593946
0.0569087
0.0578152
0.0655954
0.0694976
0.0657656
0.059429
0.0532899
0.058501
0.0611455
0.0691261
0.0617226
0.0630198
0.0548177
0.0581551
0.0569936
0.0580892
0.0658119
0.0509192
0.0538238
0.0674267
0.0649875
0.0567121
0.0511676
0.0631041
0.0608792
0.0586896
0.0579607
0.0613622
0.0571898
0.0605326
0.0603512
0.0546991
0.0592235
0.0657172
0.0589136
0.0561465
0.0593285
0.076046
0.0597109
0.0548268
0.0524444
0.0544724
0.0590761
0.0585568
0.0568807
0.0520021
0.0576901
0.0540415
0.0552353
0.065048
0.0523279
0.0546606
0.0550343
0.0532196
0.0538101
0.0561335
0.0549959
0.0577712
0.0561956
0.0553829
0.053301
0.0592085
0.0602611
0.06479
0.0617093
0.0570208
0.0586411
0.0555238
0.0570755
0.0564875
0.055038
0.0649568
0.0558308
0.0583261
0.0556883
0.0574138
0.053024
0.052334
0.0556202
0.053721
0.0570031
0.0586464
0.0522775
0.0534167
0.0607299
0.0558773
0.0539752
0.0548654
0.0762041
0.0618784
0.0775648
0.07232
0.0592276
0.0570387
0.0561878
0.0682129
0.060089
0.0628445
0.0563841
0.0590603
0.058819
0.057664
0.0587446
0.0618242
0.0609743
0.0626986
0.0541166
0.0670903
0.0709388
0.0550477
0.0577809
0.0604974
0.0631637
0.0595608
0.059067
0.0583861
0.0598276
0.0615658
0.0591832
0.0614877
0.0631679
0.0644914
0.0576629
0.0579272
0.0641985
0.0618796
0.0602887
0.0597528
0.0544306
0.0611553
0.058789
0.0628952
0.0599108
0.0599014
0.0552312
0.0533944
0.0589484
0.0615141
0.0625566
0.0515324
0.0677074
0.0728381
0.0672586
0.0588715
0.062159
0.0617707
0.0550826
0.0557074
0.061705
0.0614336
0.0658168
0.0598959
0.056532
0.0597182
0.068504
0.068236
0.0636766
0.0598513
0.0573019
0.0594831
0.067287
0.0526645
0.058281
0.0585611
0.0564439
0.0598317
0.0597638
0.0569623
0.0574823
0.0659861
0.0568953
0.0586787
0.0628941
0.060332
0.0632693
0.075875
0.0578177
0.0661962
0.0592604
0.0559212
0.0624994
0.0516814
0.0593115
0.0607267
0.0712897
0.0567661
0.057447
0.0600443
0.0592088
0.0600408
0.0536868
0.0583959
0.0627999
0.0581833
0.0535314
0.0603983
0.0572599
0.0666495
0.0565211
0.0551825
0.0601247
0.0577717
0.0611361
0.0557876
0.0585417
0.0613579
0.0607454
0.0598107
0.0573136
0.0633436
0.0665701
0.0643707
0.0594168
0.0564543
0.0600378
0.0624491
0.0640192
0.0596323
0.0594948
0.0608688
0.0597816
0.0573971
0.0698946
0.0574715
0.0621051
0.0553373
0.0605583
0.0583018
0.0612913
0.0640415
0.059109
0.053467
0.0589292
0.0611323
0.0627043
0.0590722
0.0673399
0.0598777
0.0629707
0.063732
0.0576014
0.0637437
0.059343
0.062081
0.0665876
0.0626366
0.063735
0.0614375
0.0679316
0.0583844
0.0586381
0.0613279
0.0583427
0.0565752
0.0607407
0.0618616
0.0637205
0.0589437
0.0549505
0.0589002
0.060632
0.0619733
0.0635472
0.0660505
0.0613311
0.0627957
0.0675569
0.0723114
0.0610842
0.0602363
0.0588425
0.0635372
0.0659079
0.0780573
0.0706546
0.0635296
0.0629282
0.0694673
0.0604302
0.0679522
0.0737254
0.0564501
0.0664408
0.0664019
0.0678841
0.0685791
0.0690658
0.0752251
0.0747819
0.0629565
0.0709742
0.0614352
0.0651589
0.0610189
0.0624622
0.0609846
0.0614439
0.0609636
0.0545978
0.0671808
0.0644865
0.0581308
0.0650571
0.0658941
0.0591172
0.0612663
0.0798379
0.0632495
0.0676094
0.0717914
0.0620688
0.0566582
0.061575
0.0640329
0.0694157
0.0721682
0.0693109
0.0725998
0.0689934
0.0619579
0.0608917
0.0692947
0.0684467
0.0596939
0.0717996
0.0626428
0.0664388
0.058716
0.0624501
0.0734662
0.0659704
0.0660984
0.0667677
0.0606455
0.0808658
0.0676526
0.0668004
0.0596793
0.0645315
0.0648901
0.0588881
0.057793
0.061417
0.0677743
0.064959
0.0659896
0.056972
0.0649285
0.0643341
0.0579878
0.0662805
0.0606705
0.0594322
0.0600436
0.0589206
0.0568827
0.0648927
0.0642365
0.0629228
0.0693552
0.066395
0.0655743
0.063797
0.0670972
0.0628462
0.0684889
0.0656765
0.0693884
0.0681127
0.0743769
0.0663397
0.0680867
0.0636582
0.0634805
0.0571384
0.0674134
0.0715478
0.0646952
0.0644444
0.0609692
0.0604599
0.0649134
0.071562
0.0738115
0.0710206
0.0629723
0.0681627
0.0721016
0.0616537
0.0642558
0.0699933
0.0769669
0.0782071
0.0722188
0.0783942
0.0678618
0.0570055
0.0692265
0.0567275
0.0572819
0.0599292
0.0676883
0.0649738
0.069103
0.0574614
0.0643866
0.0616405
0.0644824
0.0618109
0.058389
0.0596344
0.0614578
0.0684998
0.0613467
0.0623383
0.0613933
0.0628119
0.0604129
0.0588555
0.0582986
0.0609549
0.070161
0.0669328
0.0645365
0.0612924
0.0597904
0.0601985
0.0650218
0.0736948
0.0688879
0.0592002
0.0654058
0.0582925
0.0625584
0.0591578
0.0545137
0.0607803
0.0617273
0.0583255
0.0634366
0.0605472
0.0619013
0.0670772
0.0611161
0.0617511
0.0621282
0.0652611
0.0636107
0.0620714
0.0592528
0.0605182
0.0586971
0.0595135
0.0716935
0.0722459
0.0623747
0.0628612
0.0604013
0.0611774
0.0689362
0.0714783
0.0697183
0.061373
0.0641408
0.0799034
0.0673579
0.0727451
0.0615832
0.0654091
0.0603313
0.0683893
0.0674008
0.0764307
0.0704596
0.0661399
0.0652414
0.0661037
0.0652781
0.059174
0.0667786
0.0618794
0.0591281
0.0651832
0.0656431
0.0675588
0.0641579
0.0689849
0.0724508
0.0696121
0.0647781
0.0662176
0.0669772
0.0620689
0.0633588
0.0600762
0.0648218
0.0716738
0.0657946
0.0788774
0.0662999
0.0614575
0.0597849
0.0608276
0.0740718
0.0689834
0.0671328
0.060335
0.0636718
0.0665714
0.076069
0.0687564
0.0667024
0.0683518
0.067097
0.06182
0.0795768
0.0589817
0.0611002
0.0584151
0.0624605
0.0589337
0.0580658
0.0559036
0.0607801
0.0622179
0.0642689
0.0594175
0.0617589
0.0617611
0.0604798
0.0624134
0.0675113
0.0590279
0.0619681
0.0647996
0.063641
0.0660769
0.0632578
0.0670161
0.0679073
0.0634354
0.0626591
0.0703344
0.0788871
0.0766503
0.0716537
0.0674233
0.0796401
0.0751303
0.0741603
0.0767475
0.0726845
0.0715525
0.0772817
0.0851579
0.0766906
0.0672569
0.0653354
0.0680987
0.0693752
0.0772721
0.0721268
0.0634593
0.0626247
0.0669043
0.0637468
0.0601395
0.0663119
0.060378
0.0652077
0.0652231
0.0674141
0.0589793
0.0628873
0.0617008
0.0608487
0.0859031
0.0691605
0.0699107
0.0714576
0.0686185
0.0642922
0.0600503
0.0625734
0.0657928
0.0614457
0.0631749
0.069176
0.0647903
0.0710284
0.0716143
0.0700397
0.0647419
0.0752017
0.0728574
0.0744253
0.0670347
0.0773252
0.0652275
0.0807721
0.0717086
0.0828747
0.0704759
0.0710345
0.0737606
0.0716224
0.0696827
0.0680838
0.0657323
0.0675479
0.0628691
0.0689472
0.0670738
0.0630765
0.0628627
0.0605315
0.0626563
0.0726806
0.0723534
0.0670692
0.0658
0.0621462
0.0678681
0.0705131
0.0745348
0.0707716
0.0807711
0.065455
0.0641992
0.0624835
0.0654052
0.0605242
0.0616499
0.0571072
0.076909
0.0618578
0.0600861
0.0664418
0.0636339
0.0712342
0.0631476
0.0645174
0.0645039
0.0571487
0.0610403
0.0636359
0.0655531
0.0781327
0.0591779
0.0681463
0.0783602
0.0722861
0.0646425
0.0730278
0.0676067
0.0650314
0.0613068
0.0699496
0.0626729
0.0642716
0.0656021
0.0633248
0.060929
0.0680836
0.0686678
0.0610192
0.0615349
0.0650294
0.0669839
0.0659994
0.0693283
0.0609894
0.068376
0.0620863
0.0661137
0.0665196
0.0624276
0.0677121
0.0687588
0.0626906
0.0681772
0.0689622
0.0622566
0.0608927
0.0640725
0.0715471
0.0681509
0.0576307
0.0648226
0.066116
0.0667363
0.0684278
0.0604113
0.0681015
0.0699904
0.0706692
0.0725959
0.0654447
0.0761398
0.0641731
0.0725028
0.0652874
0.0718632
0.0794426
0.0692639
0.073983
0.0790142
0.0744801
0.0685831
0.0815425
0.071362
0.0865978
0.0782637
0.0737017
0.0736243
0.0663878
0.0704024
0.0702585
0.0717076
0.0822736
0.0783417
0.0750088
0.0714949
0.0699458
0.065994
0.072537
0.0709664
0.07266
0.067019
0.0687259
0.0713478
0.0729145
0.079832
0.0687114
0.0759909
0.0712553
0.0721575
0.0685451
0.0722171
0.0801392
0.0733947
0.0791525
0.0871589
0.0693846
0.0689721
0.0735557
0.0659771
0.0703957
0.0758952
0.0834744
0.0724149
0.0842316
0.0975503
0.0713021
0.0727039
0.0664083
0.0802866
0.0707144
0.0739386
0.0710654
0.0757831
0.0754274
0.0702791
0.0771153
0.085614
0.084067
0.0771381
0.077084
0.0782166
0.0804971
0.074045
0.0750157
0.0793559
0.0739624
0.0737239
0.0799373
0.0819604
0.0815002
0.0772928
0.0773428
0.0816323
0.0832132
0.0785885
0.0737776
0.0722437
0.0677699
0.0681568
0.0736694
0.07651
0.0784995
0.0744921
0.0745413
0.0733199
0.0731486
0.0759204
0.0760643
0.0713768
0.0728523
0.0766901
0.0809126
0.0700213
0.0728632
0.0721794
0.0677494
0.0691718
0.0756193
0.070447
0.0732652
0.0815303
0.0712121
0.0698286
0.0712476
0.0865878
0.0771868
0.0738923
0.0765976
0.0748869
0.073264
0.0690665
0.0693933
0.0823974
0.0766797
0.0723448
0.0790561
0.0713953
0.0731172
0.0749942
0.0716626
0.080504
0.0765573
0.0763351
0.0734612
0.0760281
0.0722557
0.0743728
0.0733223
0.0725336
0.0735727
0.0673198
0.0692767
0.0711154
0.0734692
0.0690309
0.0705488
0.0679199
0.0697877
0.0673888
0.0680324
0.0727783
0.0716172
0.0731698
0.081169
0.0744723
0.070794
0.0707908
0.0726163
0.0706155
0.0800127
0.0724024
0.066775
0.0700479
0.0689889
0.0779668
0.0797442
0.0751456
0.069468
0.0720243
0.0782673
0.0711257
0.0707847
0.0774664
0.0711366
0.0776494
0.0712514
0.0711006
0.0711174
0.0768165
0.0776078
0.0684582
0.0682208
0.0637051
0.0628928
0.0694248
0.0699913
0.0704496
0.0713524
0.0647277
0.063158
0.0679052
0.0742894
0.0692773
0.0646164
0.0690572
0.072434
0.080133
0.0892654
0.0715556
0.0659467
0.0701885
0.0696181
0.0695031
0.0741513
0.0679172
0.0709659
0.0822604
0.0786194
0.0769231
0.0660678
0.0748492
0.0738151
0.0758561
0.076498
0.0672347
0.066698
0.0696748
0.0785193
0.0793168
0.0630332
0.0714589
0.0769961
0.0744936
0.0730755
0.0687396
0.071823
0.0707984
0.0727378
0.0717355
0.073028
0.0743866
0.0700513
0.0717637
0.0620496
0.0598423
0.0740876
0.0868413
0.0717191
0.0701334
0.0676507
0.067582
0.0717065
0.0698143
0.0880812
0.0809534
0.0639818
0.0642578
0.0679274
0.0702705
0.0696012
0.069788
0.0629707
0.0610464
0.0673044
0.0743006
0.0624354
0.0726259
0.0686901
0.0670682
0.0631095
0.0651728
0.0709006
0.0683502
0.0614276
0.0648181
0.0738679
0.0756255
0.0685198
0.0747064
0.0662603
0.0646996
0.0592349
0.0690503
0.0705866
0.0797427
0.0629972
0.0764672
0.0721993
0.0684534
0.0676676
0.0665293
0.0670241
0.0641167
0.0670346
0.0709304
0.0750868
0.0685486
0.0668172
0.0678094
0.0659748
0.0657051
0.0699346
0.061703
0.0665554
0.0687213
0.0691573
0.06925
0.06744
0.0699436
0.0714728
0.0630786
0.0678826
0.0725466
0.0751735
0.0748022
0.0802656
0.0824571
0.0722376
0.074355
0.0764623
0.0710791
0.0671914
0.0665505
0.0742061
0.0729745
0.0809621
0.0858825
0.0864549
0.0834236
0.0692667
0.0746524
0.0797653
0.0744506
0.0718919
0.0713984
0.0738873
0.0803007
0.0799812
0.073402
0.0705042
0.0781198
0.0775326
0.0746304
0.0702186
0.0740843
0.0731928
0.07346
0.0793979
0.0786806
0.0739933
0.0788853
0.0705651
0.0693324
0.0710291
0.0734993
0.0800958
0.0752453
0.0735835
0.0701733
0.0712267
0.0799204
0.0709662
0.0777012
0.0742869
0.073964
0.0679295
0.0726918
0.0792397
0.0809675
0.0681285
0.0748803
0.0787
0.0757751
0.0783298
0.0751645
0.0762973
0.0732048
0.067481
0.0607976
0.0616395
0.0738542
0.0794033
0.0702256
0.0690118
0.063493
0.0686669
0.0642881
0.0704456
0.0760487
0.0611384
0.0685259
0.0682381
0.0669375
0.0633127
0.0626398
0.0700517
0.0675293
0.0698886
0.0704255
0.0675457
0.070588
0.0749938
0.0687712
0.0717461
0.0627961
0.066037
0.0686799
0.0625668
0.0718807
0.0678595
0.0708948
0.0735217
0.0795618
0.069441
0.0728009
0.073713
0.0697768
0.0702732
0.0711373
0.0788109
0.072097
0.07252
0.0782056
0.0693201
0.067211
0.075734
0.0734409
0.0737461
0.0821817
0.0757123
0.0829576
0.0764714
0.0752141
0.0673551
0.0703162
0.0761274
0.0726317
0.0724505
0.0737504
0.0755293
0.0894297
0.0759845
0.072175
0.0852855
0.0770213
0.0831532
0.0740756
0.0642805
0.0688196
0.0654226
0.0645852
0.071511
0.0732626
0.0681742
0.0681719
0.070171
0.0672487
0.0722915
0.077574
0.0832051
0.0694027
0.0745073
0.0716389
0.0739144
0.0728919
0.0737569
0.0720459
0.0684241
0.0698029
0.0733704
0.0719295
0.0739441
0.0759053
0.07662
0.0721967
0.0752868
0.0728618
0.0752501
0.0711995
0.0831902
0.0719962
0.0749737
0.0753089
0.0706383
0.0707472
0.0658104
0.0722194
0.0767592
0.0767293
0.068925
0.0788798
0.0709236
0.0754309
0.07569
0.0807466
0.0864871
0.0809928
0.0743637
0.0695639
0.0756476
0.0797814
0.0758942
0.0745891
0.0752055
0.0737268
0.0948967
0.0827583
0.0746647
0.0680959
0.0773896
0.0731763
0.0824441
0.0786146
0.0801812
0.0816092
0.0813348
0.0772368
0.0702265
0.0688502
0.0761644
0.0736764
0.0739219
0.0762685
0.078209
0.0753171
0.071764
0.0759534
0.0743933
0.0748017
0.100112
0.0799626
0.0756504
0.0695803
0.0729849
0.0738456
0.071438
0.0789382
0.0709183
0.0698841
0.0737556
0.0763367
0.0742882
0.0725199
0.0715452
0.0780258
0.0816538
0.0754802
0.0736189
0.0736983
0.080013
0.0816541
0.0838581
0.0871958
0.0760633
0.0734408
0.0706696
0.0689597
0.0724844
0.0742173
0.0686938
0.0736106
0.071311
0.0738383
0.0730185
0.0760738
0.0868304
0.070356
0.073472
0.0776356
0.0749409
0.0809466
0.0771584
0.0737397
0.0743457
0.0767841
0.0684489
0.0764125
0.0770455
0.0746187
0.0856032
0.0700106
0.0788961
0.0775467
0.0761562
0.0980087
0.0714095
0.0691972
0.0704322
0.0759638
0.0720848
0.0770637
0.0778773
0.0793002
0.0695566
0.0734228
0.067737
0.0729595
0.0697915
0.0706747
0.0696751
0.0725169
0.0686632
0.0705986
0.0741801
0.0747796
0.0804926
0.0727539
0.0768114
0.076172
0.0745084
0.0760194
0.0745877
0.0702141
0.067902
0.0667169
0.0740601
0.0755833
0.0727037
0.0713621
0.0680609
0.0703061
0.0671955
0.0726435
0.0722273
0.069973
0.0914589
0.0781842
0.0928352
0.0776259
0.0747993
0.0936203
0.0770241
0.0764441
0.0791408
0.0825844
0.0863436
0.0832898
0.0842819
0.0827447
0.0778393
0.0855289
0.0702122
0.0803236
0.0825533
0.0775224
0.0756783
0.0741097
0.077098
0.0745095
0.0744267
0.0831803
0.0713457
0.0781445
0.0763643
0.0767359
0.0796034
0.0766035
0.0755127
0.0742669
0.0749986
0.0726432
0.0717594
0.0891217
0.0817026
0.0954657
0.0701828
0.0697824
0.0627926
0.0676666
0.078955
0.0838048
0.0720075
0.0777022
0.0735433
0.0695515
0.0684149
0.0718289
0.0658704
0.0764782
0.0679129
0.0671405
0.0698688
0.0741161
0.0684391
0.067162
0.0662903
0.073914
0.0665944
0.0654406
0.0652528
0.0676658
0.0744056
0.0774649
0.0725896
0.0681115
0.0675738
0.0764358
0.0751238
0.0741109
0.0733099
0.0701641
0.0680144
0.0751056
0.0724053
0.0804995
0.0729012
0.0711781
0.0688593
0.0785608
0.0624128
0.0722064
0.0631266
0.0657694
0.0712894
0.0739823
0.0737096
0.0851371
0.0718431
0.0810259
0.0778008
0.069971
0.0757806
0.0751837
0.068839
0.0723128
0.0652509
0.075868
0.0706288
0.0681085
0.0712565
0.0690243
0.0739887
0.0790955
0.0761232
0.0747424
0.072371
0.0772114
0.0768142
0.0654023
0.071542
0.0731856
0.0759295
0.0797107
0.0725395
0.0784716
0.0795417
0.075666
0.0742139
0.0687127
0.0731224
0.0739008
0.0739223
0.083382
0.0725592
0.0747824
0.074237
0.0699618
0.0731217
0.0729006
0.0779024
0.0724939
0.077903
0.0788669
0.0743318
0.072618
0.0823334
0.0764217
0.0754841
0.075625
0.0837613
0.0766597
0.08657
0.0664508
0.0856355
0.0702199
0.0744675
0.0771326
0.0746416
0.0669019
0.0687959
0.0738219
0.0810058
0.0759929
0.0896302
0.0735265
0.0714588
0.0711034
0.0732119
0.0706564
0.0706314
0.0679227
0.0700333
0.0727757
0.0671636
0.0717158
0.0676684
0.0649184
0.0659919
0.0656384
0.0695428
0.0686851
0.0672625
0.0691758
0.0819245
0.0716423
0.067947
0.0786112
0.0775009
0.0685382
0.0655814
0.0750941
0.0727957
0.0730612
0.073323
0.081569
0.0746338
0.0734619
0.074678
0.0804447
0.0658368
0.0694318
0.0687449
0.0852482
0.0690765
0.0698871
0.0682922
0.0770594
0.0777281
0.0751666
0.084714
0.0826105
0.0752126
0.0752374
0.0721371
0.0677038
0.0776256
0.0745008
0.0774556
0.0773689
0.0835048
0.0814674
0.0724458
0.0807418
0.0769673
0.0847777
0.0821975
0.0778579
0.0797125
0.075602
0.0858227
0.0787667
0.0838941
0.0809009
0.0735639
0.0792273
0.0775977
0.0803225
0.0800343
0.0787972
0.0813323
0.0722678
0.0785352
0.0801096
0.0761471
0.0726932
0.0750132
0.0728933
0.0727665
0.0756726
0.0728827
0.0743186
0.0758178
0.0693258
0.0709979
0.0694336
0.0750897
0.0745719
0.0714002
0.0738784
0.0728213
0.0712142
0.0689754
0.0721829
0.0717593
0.0688998
0.0724668
0.0750908
0.0708499
0.0703472
0.0714752
0.0712435
0.0700495
0.077682
0.0705685
0.0721673
0.0758511
0.0718564
0.0778514
0.076392
0.100076
0.0733486
0.0815434
0.0769868
0.0761295
0.0736621
0.0824261
0.0762439
0.0788856
0.071226
0.0752001
0.0784291
0.0749315
0.0746064
0.0799209
0.0824518
0.0775598
0.072463
0.084847
0.06961
0.0755908
0.0736419
0.0727739
0.0943402
0.0780564
0.0777227
0.0731412
0.0759106
0.0789318
0.0740559
0.0670158
0.0705787
0.0726713
0.0827522
0.0740245
0.0828981
0.0802975
0.0873914
0.0796252
0.0842942
0.0767495
0.0725392
0.0752345
0.0674077
0.0682901
0.0714768
0.066412
0.0653817
0.0676704
0.0687676
0.0646491
0.073745
0.0663924
0.0712597
0.078273
0.0680852
0.0700867
0.0650362
0.0681156
0.0657992
0.0693495
0.0694409
0.0666589
0.0652139
0.0660729
0.0589431
0.0651467
0.0657982
0.0633265
0.0642703
0.0679269
0.0711641
0.0651123
0.0644219
0.0604363
0.0620124
0.0638597
0.0572574
0.0603489
0.0592424
0.0640007
0.0641104
0.0671123
0.0664374
0.0574348
0.0574059
0.0613634
0.0585035
0.0586629
0.0620456
0.0582165
0.0608227
0.0587591
0.0654909
0.0677775
0.0629067
0.0672597
0.0627115
0.0595396
0.0590058
0.056491
0.072798
0.0568671
0.0787986
0.056217
0.0606149
0.059736
0.0768965
0.0570411
0.0528071
0.0670213
0.050526
0.0781559
0.0562893
0.0567119
0.0564336
0.0472024
0.0453891
0.0520154
0.0459883
0.0493594
0.0579643
0.0539617
0.0643679
0.0556552
0.0494269
0.0519223
0.0543539
0.0559003
0.0569941
0.0527068
0.0609264
0.0596182
0.0571518
0.0557111
0.0586939
0.0571937
0.0528473
0.0532177
0.0556587
0.0566479
0.0610191
0.0572303
0.057213
0.0652558
0.064043
0.0557597
0.0616299
0.0522013
0.0647868
0.0585832
0.057758
0.0576342
0.0652366
0.0575539
0.0545873
0.0584657
0.0586536
0.0552676
0.0547141
0.0535982
0.0569449
0.055429
0.0558652
0.0556982
0.0613626
0.0575884
0.0512762
0.0575133
0.0572681
0.0676017
0.0555263
0.0589184
0.0558654
0.0614666
0.0521786
0.0588213
0.0606262
0.0593774
0.0564121
0.0572424
0.05655
0.0636023
0.0527477
0.05507
0.0633015
0.0591889
0.0584408
0.0580397
0.0660769
0.0604092
