0.0503116
0.0706374
0.0652422
0.0537491
0.0521111
0.0555456
0.0532356
0.0625186
0.0628411
0.0688814
0.060632
0.0543977
0.0625754
0.0623585
0.0657514
0.0551061
0.067424
0.0643397
0.0600765
0.0618443
0.0572618
0.06262
0.0598626
0.0579945
0.0729033
0.059772
0.0683141
0.0609757
0.0953251
0.0715158
0.0600256
0.0608421
0.0653289
0.056912
0.0599849
0.053109
0.0672343
0.0636458
0.0582684
0.0556692
0.0586682
0.0611318
0.0637464
0.0530801
0.0554164
0.0582586
0.0630336
0.0550642
0.0678046
0.0601264
0.0621162
0.0608909
0.0652768
0.0563246
0.0634011
0.0665981
0.0613895
0.0587524
0.0642641
0.069164
0.0679665
0.0592999
0.0655988
0.0705942
0.061486
0.0645173
0.0602
0.0581864
0.0618002
0.0651238
0.0589215
0.0607178
0.0619701
0.0666812
0.093961
0.0784309
0.065539
0.0600232
0.0548558
0.0721186
0.0607647
0.0685405
0.0602703
0.0606323
0.0614985
0.0648594
0.0620972
0.0561047
0.0616603
0.0577724
0.0610245
0.0608347
0.0655076
0.0623312
0.0597306
0.0621108
0.0647143
0.064395
0.0628911
0.0636352
0.0586274
0.0601553
0.0622537
0.0690303
0.0557799
0.0649512
0.0845712
0.0576329
0.059467
0.0565832
0.0593696
0.0619395
0.0620038
0.0571514
0.070271
0.0578425
0.0619593
0.055744
0.0574498
0.0825331
0.0594608
0.0572139
0.057172
0.0622769
0.0697104
0.0586581
0.0534772
0.0637882
0.0628368
0.0513428
0.0590386
0.0627864
0.0590807
0.0580524
0.0609853
0.0603293
0.0627174
0.0712178
0.0645925
0.0666492
0.0647014
0.0691791
0.0950756
0.0617846
0.0631159
0.0626642
0.0652573
0.0653775
0.0613957
0.0650226
0.0661415
0.114295
0.0585555
0.0565862
0.0574233
0.054635
0.0579987
0.0590849
0.0540839
0.0490477
0.0508051
0.0571439
0.0593678
0.0517944
0.0575483
0.0639576
0.0700115
0.0575652
0.0558213
0.05368
0.0604307
0.0613642
0.0570867
0.0573079
0.0532406
0.0575822
0.0575908
0.0599328
0.0589168
0.0540755
0.0566496
0.0612581
0.0611647
0.0587487
0.0581708
0.0536698
0.0624924
0.0580446
0.0523374
0.0513135
0.0492285
0.0494686
0.0587421
0.06002
0.0576053
0.0511891
0.0613965
0.0536477
0.0613302
0.0561774
0.0568105
0.053667
0.0478636
0.0565023
0.0575209
0.0618585
0.0547331
0.0543556
0.0599873
0.0504797
0.0544197
0.0538723
0.0541013
0.04942
0.0486714
0.049448
0.0646865
0.0705505
0.0645697
0.0511534
0.0475344
0.0567099
0.0525588
0.0567061
0.0574738
0.0718491
0.0819742
0.0577147
0.0536185
0.0592961
0.0544247
0.0611244
0.0609441
0.0560587
0.0545958
0.0589231
0.0613319
0.0545871
0.0545885
0.0628916
0.0590078
0.0592408
0.0640914
0.0617186
0.0607308
0.0523508
0.0517118
0.0857794
0.056815
0.0565713
0.0700335
0.0580232
0.055628
0.0558143
0.0543435
0.0543401
0.0546845
0.0576414
0.0532431
0.0565114
0.0616094
0.0572874
0.0636707
0.0586737
0.0687502
0.0569321
0.0583623
0.0556426
0.0648592
0.0557904
0.0575383
0.0675242
0.0596396
0.0601399
0.0512331
0.0620772
0.0646252
0.0674174
0.0638159
0.0538435
0.0611428
0.0707718
0.0556178
0.064444
0.0631016
0.0617752
0.0553681
0.0606066
0.0616161
0.0580536
0.0518522
0.0623391
0.0592368
0.0546512
0.0658103
0.061936
0.0614709
0.0596236
0.0615197
0.0624769
0.0601273
0.0583983
0.0626577
0.0618227
0.0586761
0.0563701
0.0604286
0.0600173
0.0543393
0.0632554
0.0656001
0.0616309
0.0544254
0.0635839
0.0644414
0.0624273
0.0596716
0.0584041
0.0604386
0.057624
0.056589
0.0659325
0.0604558
0.0653463
0.0660492
0.0619858
0.0630985
0.0601767
0.0601084
0.05991
0.0891497
0.0899164
0.0611207
0.0544129
0.0625286
0.0640814
0.0572899
0.0638753
0.062598
0.062969
0.0618352
0.0631186
0.067465
0.061949
0.0537142
0.0594026
0.0582013
0.0670592
0.0529992
0.0640491
0.0577074
0.0571251
0.0619158
0.0618423
0.0650729
0.0633745
0.0637943
0.0657742
0.0571682
0.0612225
0.0575105
0.0584672
0.0618313
0.0607256
0.0574956
0.0557983
0.0614554
0.0637614
0.0571872
0.0604358
0.06146
0.0665819
0.064261
0.0637426
0.0632967
0.0641101
0.0648278
0.063081
0.0571556
0.0560249
0.0677565
0.0664191
0.0657012
0.0745826
0.0691809
0.0602636
0.061093
0.0585432
0.0623619
0.062103
0.0569394
0.0581526
0.0560758
0.0594814
0.0639522
0.0629417
0.0612824
0.0569515
0.0622667
0.053118
0.0598012
0.059289
0.0605402
0.0578568
0.0584387
0.0678438
0.060651
0.0644521
0.0640601
0.0608663
0.0699734
0.0616544
0.0600547
0.0651549
0.0580457
0.0623947
0.0622933
0.0613124
0.0637006
0.0658534
0.0581926
0.0671404
0.0668261
0.064165
0.0664544
0.0674328
0.0604335
0.0582627
0.0675869
0.069751
0.0579534
0.061475
0.0610289
0.0649787
0.0616825
0.0596203
0.0587599
0.0620673
0.0655772
0.0630347
0.0582612
0.066106
0.0665434
0.0581769
0.0637969
0.0579093
0.0663243
0.0568042
0.061936
0.0654401
0.0644318
0.0710849
0.0622785
0.0635742
0.0638071
0.0617602
0.0637911
0.0636765
0.0577403
0.0592814
0.053994
0.0540383
0.0617234
0.0620362
0.0657292
0.0603583
0.0621668
0.0626253
0.0608541
0.0549839
0.0648267
0.0609266
0.0644136
0.0628911
0.0611682
0.0675923
0.078594
0.0708616
0.064502
0.0690667
0.0625909
0.0635698
0.0638097
0.0670976
0.0721949
0.0742394
0.0720674
0.0707806
0.0592994
0.0630657
0.0670526
0.0651996
0.0640716
0.0594272
0.0675366
0.0732403
0.0676206
0.0612794
0.0676418
0.0643313
0.0630102
0.06688
0.0683318
0.0605315
0.0612643
0.0670092
0.0588151
0.0624219
0.0607613
0.0682202
0.0650051
0.0583789
0.0590974
0.0611831
0.0611302
0.0647822
0.0594726
0.0646225
0.0630771
0.0638126
0.0609826
0.056068
0.0583197
0.0569989
0.0679456
0.0652881
0.0664673
0.061891
0.0639228
0.062822
0.0656497
0.0618484
0.0600895
0.0645416
0.0664314
0.0606476
0.0609003
0.0757219
0.097352
0.0710128
0.0659595
0.0696661
0.0659081
0.0660395
0.0591259
0.0571807
0.063265
0.0611697
0.0694811
0.064581
0.0597491
0.0593427
0.0654023
0.0592914
0.0696536
0.0641747
0.0604511
0.0670947
0.0658247
0.0594723
0.0643246
0.0558777
0.057282
0.0630542
0.0647215
0.0659827
0.059563
0.0599921
0.0657326
0.0631099
0.0663704
0.0678387
0.0620498
0.0668519
0.0606454
0.0674768
0.0591569
0.0657624
0.074394
0.0651583
0.0596793
0.0571152
0.0651895
0.0599289
0.0579034
0.0573413
0.058134
0.070495
0.0683384
0.0615794
0.0616211
0.0538495
0.0589811
0.0601046
0.064666
0.068875
0.0652565
0.0735315
0.0620765
0.0583282
0.0584642
0.0637939
0.0646316
0.0619295
0.0590655
0.0624759
0.0597852
0.0616582
0.0594179
0.0594707
0.0572485
0.058557
0.0601155
0.0574762
0.0770122
0.0595999
0.0619489
0.061604
0.0622219
0.0600928
0.0629961
0.064165
0.063409
0.0612808
0.0604575
0.0696827
0.0670355
0.0604063
0.0612177
0.0646804
0.0645064
0.0635069
0.0663242
0.0618813
0.0623236
0.0657465
0.0571301
0.0644839
0.0644622
0.0671616
0.0629787
0.0600445
0.0624601
0.0579087
0.0622603
0.0678138
0.0676365
0.0632779
0.064721
0.0628238
0.0648374
0.0726479
0.0746048
0.0671813
0.0645267
0.0668642
0.0670081
0.0704139
0.0678654
0.0627562
0.060922
0.0625242
0.0598086
0.0777325
0.0687281
0.0662146
0.062901
0.0602346
0.0609963
0.0646688
0.0649895
0.0629859
0.0647346
0.0686248
0.059206
0.067373
0.0593994
0.0726717
0.0658347
0.0609125
0.0647405
0.0642444
0.0603136
0.0623105
0.064183
0.0701836
0.0566881
0.0619008
0.0606567
0.0662531
0.059409
0.0628945
0.0555334
0.0623771
0.055123
0.066243
0.0604915
0.0583583
0.0598374
0.0546902
0.0599402
0.0592181
0.0549253
0.0584991
0.0586708
0.0618629
0.0631044
0.0637094
0.0572205
0.0573728
0.0618137
0.0642816
0.0577253
0.0559523
0.0602102
0.062819
0.0668892
0.0637394
0.0670491
0.0635858
0.0687138
0.0629073
0.0695456
0.0625044
0.0657386
0.0621142
0.0729091
0.0744514
0.0828409
0.0735181
0.0734672
0.0656019
0.0683415
0.0676427
0.079074
0.0718426
0.0644714
0.0742271
0.0596804
0.0610546
0.0617848
0.0572987
0.0590933
0.060746
0.0626575
0.0642453
0.0580984
0.0611104
0.0591217
0.0623682
0.0600735
0.0565625
0.0570957
0.0582793
0.0579379
0.0582708
0.0580007
0.0623373
0.0599074
0.060299
0.0607425
0.0658107
0.0650601
0.0613832
0.0608412
0.0569338
0.0602284
0.0582691
0.0561102
0.0611584
0.063785
0.0661246
0.0609229
0.0604425
0.0635252
0.0632049
0.0631511
0.0654584
0.0622408
0.0633696
0.0629524
0.0623802
0.0606223
0.065687
0.0687321
0.0625659
0.0665825
0.0635896
0.0639583
0.0589951
0.0630885
0.062584
0.0673055
0.0671556
0.0569271
0.0624511
0.0647286
0.0646176
0.0622771
0.0654157
0.0708223
0.0697943
0.0716059
0.0630408
0.0587401
0.067228
0.0668409
0.0712746
0.0682167
0.0701812
0.0658914
0.0646113
0.0653533
0.0660276
0.0620574
0.066573
0.0638377
0.06174
0.0688397
0.0614982
0.0698073
0.0641861
0.0615086
0.0637977
0.0603319
0.0598278
0.0810518
0.0648447
0.0604726
0.0652148
0.0630831
0.0678809
0.0666021
0.0607209
0.0617119
0.063744
0.0678543
0.063144
0.0697039
0.070399
0.0641537
0.0586554
0.0627084
0.0618576
0.0668818
0.0577093
0.0647891
0.0663892
0.0606458
0.066488
0.0665068
0.0581152
0.0587622
0.064176
0.0615223
0.0640865
0.0619689
0.0603589
0.0611138
0.0589366
0.0589468
0.0655912
0.0610997
0.0705025
0.0727287
0.0603475
0.0686635
0.0637573
0.0722551
0.0729475
0.0657648
0.0783426
0.0666016
0.0614662
0.0652142
0.063722
0.0694105
0.0707836
0.0713183
0.0654495
0.0636193
0.0704511
0.0696722
0.0677134
0.0684336
0.0650595
0.0611932
0.0629486
0.0624558
0.0642151
0.0648328
0.0669292
0.0663074
0.0738136
0.0682965
0.0639386
0.0639283
0.0698545
0.0683866
0.0666323
0.0704004
0.0642977
0.0618346
0.0652703
0.0708831
0.0661694
0.0671975
0.0639966
0.0675156
0.0651172
0.0649705
0.0680615
0.0726724
0.0660017
0.0784852
0.0670946
0.0750018
0.0687233
0.0691515
0.0709559
0.0708392
0.0690147
0.0708628
0.0716606
0.0700966
0.0649534
0.0663066
0.06359
0.0651332
0.0653885
0.0637508
0.0659734
0.0665382
0.0676781
0.0694184
0.0752725
0.0717878
0.0660375
0.0645986
0.0682726
0.0683785
0.0687097
0.0723043
0.0665466
0.0729855
0.0708888
0.0696576
0.0725127
0.0733034
0.0765682
0.0804458
0.0727701
0.0730206
0.072499
0.0681851
0.0699008
0.0672783
0.0785451
0.0689231
0.0784821
0.0721999
0.0770617
0.0774663
0.0742899
0.0840169
0.0732367
0.072605
0.0809737
0.0737289
0.0701351
0.073745
0.0718825
0.0720608
0.071519
0.0780856
0.0764261
0.0751537
0.0763688
0.0763981
0.0679689
0.067474
0.0699095
0.0742459
0.0747748
0.0733163
0.072018
0.073899
0.0743305
0.067941
0.0655219
0.0689315
0.064567
0.067127
0.0654017
0.0720465
0.0675049
0.0734362
0.0675595
0.0712496
0.0732699
0.0719542
0.0736991
0.0782894
0.0758406
0.0733617
0.0773271
0.0825879
0.0707462
0.0715099
0.0767649
0.0729043
0.0712881
0.0777082
0.0704994
0.0711649
0.0766778
0.0681913
0.0710044
0.0784937
0.0758095
0.0693697
0.0749701
0.0687518
0.0708474
0.0706175
0.0702443
0.0727393
0.068042
0.0655757
0.0661115
0.0659025
0.065534
0.0661484
0.0673157
0.0682443
0.0626675
0.0657983
0.0661287
0.0657145
0.0688916
0.0739377
0.0730402
0.070869
0.0869464
0.0814857
0.0755406
0.0799072
0.0841212
0.0794708
0.0930886
0.0770136
0.088643
0.0772363
0.0816562
0.0800229
0.0762349
0.0747644
0.0724392
0.0708236
0.0763648
0.0700886
0.0686083
0.0669853
0.0698826
0.0683892
0.0692694
0.067482
0.0649071
0.0742272
0.0708812
0.0684768
0.0675975
0.065741
0.0682969
0.065174
0.0652364
0.0695672
0.0736847
0.0784323
0.0671974
0.0587988
0.0686146
0.0660475
0.0652436
0.0694882
0.0722478
0.0701881
0.0702061
0.074085
0.0710684
0.0664107
0.0686462
0.07911
0.0750757
0.0857794
0.0793089
0.0748347
0.0729897
0.0866831
0.0685998
0.0684042
0.071653
0.0708321
0.0799653
0.067909
0.064056
0.0719272
0.0679346
0.0657818
0.0726482
0.068577
0.0644759
0.0709825
0.0714326
0.0612283
0.0669681
0.0721178
0.064614
0.0690203
0.073749
0.0650425
0.0687143
0.0686298
0.0771605
0.0621839
0.0723908
0.0654987
0.0678622
0.0733735
0.065629
0.0694481
0.0633241
0.0612186
0.0630594
0.0697331
0.0664685
0.0734497
0.0652577
0.0639614
0.0655329
0.0626459
0.0689434
0.0802192
0.0689327
0.070336
0.060581
0.0646407
0.0630921
0.0656642
0.069392
0.0714473
0.0633084
0.0675275
0.064861
0.0696765
0.0702452
0.0773301
0.0710627
0.0656055
0.0669982
0.0761245
0.0633261
0.0718251
0.0692305
0.0735337
0.066583
0.070507
0.066275
0.0725302
0.0724669
0.0677629
0.068486
0.0687867
0.0729144
0.0697525
0.0801523
0.0741578
0.0733717
0.0745667
0.0796826
0.0746861
0.0758447
0.072505
0.0698256
0.0748947
0.0812436
0.0736837
0.0821062
0.0759432
0.085601
0.0775748
0.0769972
0.0890997
0.0678205
0.072695
0.0787465
0.0710099
0.0717017
0.0757719
0.0771047
0.0715421
0.0780417
0.0698542
0.0700483
0.0762895
0.080238
0.0732893
0.0756993
0.078749
0.0732144
0.085828
0.0757577
0.0801555
0.074878
0.0801578
0.0742375
0.0777421
0.0734962
0.0736256
0.0761349
0.0778329
0.072826
0.0806221
0.0850414
0.0775432
0.0783052
0.0783814
0.0698718
0.0724804
0.0726786
0.0695588
0.0744208
0.0736822
0.0807564
0.0744292
0.0703912
0.0923869
0.0801391
0.0819244
0.0775341
0.0902162
0.0755053
0.0866137
0.0813833
0.0774224
0.0698122
0.0737131
0.0797638
0.0755402
0.0763244
0.0818598
0.071315
0.0674573
0.0664875
0.0763347
0.0743038
0.0783864
0.08105
0.0645813
0.072409
0.0614035
0.0748231
0.0717972
0.0689358
0.0720823
0.0772658
0.0758345
0.0772999
0.079592
0.0679083
0.0631285
0.0722314
0.0735624
0.0734422
0.0635105
0.0705269
0.0752733
0.0682137
0.0767297
0.0770809
0.0699915
0.0689296
0.0795881
0.0770314
0.0694225
0.0754996
0.0753396
0.0734772
0.0685908
0.0698267
0.0794318
0.0753014
0.076587
0.0750042
0.0807783
0.114403
0.0790341
0.0748871
0.0711046
0.0713266
0.0685675
0.0811048
0.0731361
0.0805901
0.0774149
0.0720702
0.0792007
0.0675394
0.0721255
0.073168
0.0727842
0.0717829
0.07151
0.075708
0.0820333
0.0676267
0.069268
0.0809946
0.076509
0.0822367
0.0748973
0.077903
0.0786143
0.0763506
0.0729105
0.0755032
0.0786124
0.0756908
0.0737044
0.0691509
0.075793
0.0761989
0.0719516
0.0728413
0.0760541
0.0779072
0.0784714
0.0729054
0.0764911
0.0735266
0.0709138
0.0707422
0.0691933
0.0694766
0.0725565
0.0753002
0.0673065
0.0805446
0.0711516
0.0868071
0.0729079
0.0761941
0.0814889
0.0707557
0.0718174
0.0735206
0.0766339
0.0752162
0.0848228
0.118708
0.0871898
0.0814698
0.0788184
0.0719581
0.078351
0.07791
0.0707844
0.0789953
0.0821188
0.0694667
0.0806323
0.0739858
0.0696632
0.070763
0.0745279
0.0757366
0.0764382
0.0678836
0.0663141
0.0725099
0.0707585
0.0681498
0.0737414
0.0725057
0.0701929
0.0673252
0.0671324
0.0665394
0.0679093
0.0736753
0.0706819
0.0703113
0.0837422
0.0687615
0.0655553
0.0681425
0.0791314
0.081981
0.0690212
0.0720498
0.0681488
0.0720611
0.0776696
0.0706569
0.0688195
0.0758643
0.0686871
0.0760393
0.0685911
0.0709311
0.0712885
0.0710251
0.0690956
0.0693918
0.0715034
0.0614708
0.0955804
0.0745769
0.0746632
0.0679051
0.0642863
0.0702201
0.0685127
0.0754456
0.0738852
0.0672457
0.0684942
0.0686441
0.0683931
0.0695272
0.0753019
0.0715958
0.0671022
0.0858673
0.0664144
0.0633978
0.0689203
0.0725234
0.07182
0.0715008
0.072286
0.0633647
0.0672973
0.0709596
0.071153
0.0713241
0.080231
0.0755219
0.079347
0.0709899
0.0745122
0.0797314
0.081885
0.0691211
0.070735
0.0719816
0.0836232
0.0718329
0.0781772
0.0799493
0.0660463
0.0708951
0.0695318
0.0829313
0.0723137
0.0727244
0.0773166
0.0825878
0.0714286
0.0735106
0.0762958
0.068292
0.0707555
0.0645802
0.0664888
0.0721019
0.0751066
0.0704547
0.0738321
0.0679784
0.0857354
0.0820059
0.0767565
0.0789871
0.0740923
0.076362
0.0687176
0.0704836
0.0710004
0.0945507
0.0765057
0.077064
0.0713673
0.0714561
0.0643965
0.0919726
0.072047
0.0824483
0.0715194
0.0698781
0.0703985
0.0801246
0.0780414
0.0743198
0.0723615
0.0750108
0.0723305
0.0669956
0.0917614
0.0736237
0.079302
0.0718593
0.0748008
0.0749082
0.075096
0.0715545
0.0733557
0.0784221
0.0821439
0.0717157
0.076287
0.0768571
0.0819031
0.070446
0.0751335
0.0744705
0.0708365
0.0824044
0.0720095
0.0739151
0.0756736
0.0743016
0.0751647
0.0758421
0.0721347
0.0720347
0.0710579
0.0713598
0.0736694
0.0756338
0.0728891
0.0739451
0.080752
0.0754324
0.0722741
0.0764007
0.0719048
0.0887712
0.0909427
0.0801331
0.0659889
0.0718151
0.0723154
0.0676834
0.07837
0.0689621
0.0705394
0.0764448
0.0702384
0.0762946
0.0751964
0.0782318
0.0741421
0.0807301
0.0750114
0.0747903
0.0733354
0.080368
0.0785202
0.0721849
0.0762074
0.0756727
0.0719799
0.0745405
0.075348
0.0784005
0.0751825
0.0888879
0.0773532
0.0793739
0.0828867
0.083452
0.0746897
0.0875239
0.0796485
0.0764568
0.0723665
0.0798325
0.0754844
0.0751338
0.074711
0.0768741
0.0713869
0.0702929
0.0673911
0.0754788
0.0695333
0.0770027
0.0743121
0.0653424
0.0712948
0.077475
0.0754598
0.0729829
0.0680499
0.0761136
0.0745866
0.0683008
0.0757827
0.0818986
0.0754354
0.0812972
0.0783989
0.0763239
0.0741302
0.0794237
0.0688892
0.0706147
0.0704925
0.0867921
0.0827206
0.0719719
0.0669886
0.0658949
0.0704273
0.070494
0.0730841
0.0708655
0.0764582
0.0711154
0.0772562
0.0807545
0.0765985
0.0694914
0.07963
0.0736361
0.0699459
0.0740726
0.0831052
0.0796101
0.0776738
0.0846651
0.0741345
0.0794366
0.0800259
0.0776471
0.0720919
0.0783083
0.0840933
0.0788373
0.0756203
0.0769688
0.077873
0.0780417
0.0840557
0.0831405
0.0859621
0.0786656
0.0854803
0.0749638
0.0735592
0.0706689
0.0739544
0.0753298
0.0745184
0.0741561
0.0736675
0.0784569
0.0671194
0.0707096
0.0773893
0.074262
0.0743562
0.0765576
0.075768
0.0713469
0.0806605
0.0727437
0.0723864
0.0730627
0.0760076
0.0652228
0.070576
0.0705289
0.0686804
0.0744861
0.078109
0.077061
0.0655984
0.0753206
0.0726265
0.0776809
0.0753195
0.110333
0.081479
0.0730673
0.0752766
0.0723971
0.0842113
0.0975572
0.0713346
0.0784821
0.0725861
0.0822825
0.0739093
0.0680863
0.0829345
0.0768618
0.0769376
0.0788783
0.0747533
0.0774369
0.091292
0.0804131
0.0783542
0.079994
0.0832655
0.0764082
0.0749674
0.0806736
0.0762185
0.0745244
0.0723563
0.0690439
0.0629006
0.0706423
0.0725691
0.0697565
0.0769588
0.0682893
0.0781264
0.0679997
0.073423
0.0780704
0.0694532
0.0787309
0.0743425
0.0782706
0.0789856
0.0753214
0.0750609
0.0691251
0.0757324
0.0698591
0.0756445
0.0756162
0.0735693
0.0734442
0.0758995
0.0698008
0.07337
0.0749177
0.0712006
0.0719893
0.0735512
0.0717497
0.0746083
0.0690025
0.0736044
0.0712423
0.0793522
0.0738178
0.0801441
0.0734716
0.073041
0.071078
0.0751963
0.0900175
0.075554
0.0706061
0.071296
0.0715188
0.0794721
0.081808
0.0780743
0.0703377
0.0789152
0.0799127
0.072662
0.0777364
0.072817
0.0782619
0.0760376
0.0751958
0.0765137
0.0749431
0.0736551
0.0757774
0.0737492
0.0674534
0.0671976
0.0741549
0.0742373
0.0744368
0.0674118
0.0730188
0.0737225
0.0739559
0.0681058
0.0730377
0.0768075
0.0834877
0.0881154
0.0804558
0.0787235
0.0849608
0.069931
0.081152
0.0767582
0.0955027
0.0761644
0.0793591
0.075137
0.0714296
0.0702627
0.0686591
0.0675522
0.0717689
0.0638982
0.0728298
0.0707366
0.0678291
0.0715935
0.0786546
0.0723438
0.0655697
0.0636924
0.0691065
0.0635597
0.0617599
0.0634501
0.0687089
0.0630499
0.0617938
0.0654569
0.0665035
0.0696974
0.0617878
0.0619605
0.065054
0.0649341
0.0619941
0.0602297
0.0666532
0.0637852
0.0663708
0.0593557
0.0684397
0.0639704
0.0645019
0.0616196
0.0572928
0.0566778
0.0584964
0.0602682
0.0604039
0.0644465
0.0623229
0.0558781
0.0632131
0.0732361
0.0599053
0.0647321
0.061897
0.0645898
0.062913
0.0613519
0.068666
0.0583178
0.0565111
0.0570011
0.0622641
0.0697464
0.060108
0.0638229
0.0787726
0.052643
0.0562635
0.0585593
0.0535941
0.062651
0.0520312
0.0596958
0.060505
0.0561851
0.0529109
0.0525166
0.0480107
0.0550182
0.0563931
0.0651416
0.0613066
0.0737955
0.0545107
0.0503129
0.0674012
0.0598431
0.0521996
0.0576645
0.0523143
0.057602
0.0652104
0.0592407
0.0742247
0.0663369
0.0551534
0.0545447
0.0606304
0.0590447
0.0671537
0.065985
0.0652066
0.0582641
0.0821078
0.057169
0.0523908
0.0546852
0.0578264
0.0589984
0.0550898
0.061131
0.0630455
0.055001
0.059777
0.0673759
0.0533258
0.0605523
0.0629519
0.0508453
0.0589568
0.0590429
0.0618318
0.0569563
0.0548824
0.0537733
0.0678419
0.056636
0.0550258
0.0599658
0.0617924
0.0615193
0.0583081
0.0641229
0.0614276
0.0571975
0.0581933
0.0628587
0.0603299
0.0599793
0.0573839
0.0602841
0.0650448
0.0559727
0.0524363
0.0633876
0.0589337
0.0604712
0.0547568
0.0592263
0.0635862
0.0596448
