0.0362216
0.0529572
0.0458259
0.0402228
0.03938
0.0405053
0.0382493
0.0404221
0.0381367
0.0368219
0.0367648
0.0365538
0.0901985
0.0581939
0.0445965
0.0456502
0.0463373
0.0491043
0.0470352
0.0449555
0.0509408
0.0461001
0.049217
0.0508929
0.0470455
0.0567117
0.0563812
0.0478979
0.0512806
0.0542416
0.0456255
0.0508207
0.0540928
0.0562585
0.0504277
0.0541595
0.0469466
0.0490464
0.0496544
0.0481056
0.0511011
0.0476222
0.0463776
0.0429311
0.0490251
0.0444571
0.0497878
0.0422663
0.0453469
0.0499524
0.0509676
0.0462463
0.0413462
0.0481576
0.0468288
0.0448499
0.0548475
0.0424901
0.0445201
0.0505756
0.0394818
0.0474592
0.0514112
0.0500509
0.0424445
0.0445222
0.049181
0.0530977
0.0473947
0.0544887
0.0544822
0.0488023
0.0440858
0.0467396
0.049765
0.0501434
0.0513688
0.0493522
0.046303
0.0514854
0.0550705
0.0521784
0.046718
0.0514721
0.0517175
0.0466796
0.050063
0.0475635
0.0516753
0.0498335
0.0519372
0.0471415
0.0442214
0.0542042
0.0495399
0.0459539
0.0443621
0.0464138
0.0559985
0.0537033
0.0465881
0.0528712
0.0477692
0.0492688
0.0520597
0.0527932
0.0518218
0.0460702
0.0477541
0.0499054
0.048964
0.0504496
0.042042
0.0474646
0.0512042
0.0468546
0.0528316
0.0499844
0.0495401
0.0557793
0.0472062
0.0443904
0.0523553
0.0540334
0.0502602
0.0452611
0.0670805
0.053346
0.0492722
0.0504431
0.0508094
0.048595
0.0486385
0.047544
0.0493444
0.0470669
0.0538261
0.0503389
0.0542324
0.0508128
0.052946
0.0510408
0.0469611
0.0459536
0.0463202
0.0478104
0.0449471
0.0516167
0.0493244
0.0560297
0.0445636
0.0470727
0.0525512
0.0463691
0.0514131
0.053533
0.0483756
0.0475038
0.0427614
0.0478585
0.0511667
0.0482952
0.042223
0.0434862
0.0458268
0.0495394
0.0500992
0.0467494
0.045774
0.0429229
0.0423603
0.0432747
0.044921
0.0442173
0.0524811
0.0437815
0.0407766
0.0450155
0.0461111
0.0474434
0.0446906
0.0452211
0.0436368
0.0456672
0.0501072
0.0501715
0.0482091
0.0412302
0.0478372
0.0456531
0.0436809
0.0467336
0.0546785
0.051382
0.0499442
0.0460012
0.042651
0.0445164
0.0479837
0.0452909
0.0500757
0.0450796
0.0432657
0.0406676
0.0475254
0.0523974
0.0503087
0.0494326
0.0514667
0.0505004
0.04518
0.044883
0.0475037
0.0509411
0.0512464
0.0449244
0.0452597
0.0504213
0.0485635
0.0449477
0.0454055
0.0506786
0.0489233
0.0454282
0.0509473
0.045477
0.0449996
0.0423171
0.0445989
0.0459896
0.0444894
0.0503169
0.0413884
0.0387966
0.0450317
0.0442955
0.042887
0.0431836
0.0456431
0.0481985
0.0414191
0.0419334
0.0424854
0.041719
0.0432329
0.0398993
0.0439308
0.0468951
0.0392949
0.0430985
0.0393905
0.0428875
0.0414842
0.0424167
0.0434111
0.0419528
0.0364319
0.041542
0.0432507
0.0449327
0.054091
0.0446149
0.0575103
0.0486574
0.0425977
0.0432549
0.0407165
0.0465614
0.0458523
0.0438049
0.0514612
0.0430547
0.0494208
0.0538411
0.0512369
0.0495141
0.0514856
0.0485996
0.0500231
0.0610086
0.0500782
0.0541339
0.0468568
0.0472862
0.0510101
0.0486723
0.0495729
0.0472674
0.0439183
0.044763
0.0471748
0.0492697
0.0432823
0.0424876
0.0453296
0.0509387
0.0496675
0.0444925
0.0498137
0.0444631
0.0477305
0.045611
0.0451651
0.043053
0.0488113
0.0454084
0.0502886
0.0476989
0.0461123
0.0514792
0.0443418
0.0493715
0.0463494
0.0443435
0.0440712
0.0449582
0.0480119
0.0478429
0.0442488
0.0452791
0.0442891
0.0481119
0.0490101
0.0430754
0.0472383
0.0459349
0.0453499
0.0454757
0.0466967
0.0423943
0.0436923
0.0437033
0.0423177
0.0492603
0.0485769
0.0482926
0.0437659
0.0479074
0.0476
0.0416801
0.0433603
0.0441262
0.0454005
0.0452229
0.0471373
0.0446877
0.0460423
0.046469
0.0464196
0.0438811
0.0461585
0.0541043
0.049375
0.0499663
0.0464866
0.0447566
0.0416839
0.0489032
0.0491719
0.0501358
0.0424459
0.0454447
0.0424694
0.0422775
0.0455368
0.0449383
0.0444189
0.0450187
0.0404378
0.0473209
0.0445605
0.0511534
0.0465372
0.047937
0.0463279
0.0443679
0.047017
0.0446108
0.0484342
0.0438185
0.0423952
0.0476169
0.046075
0.0455635
0.0402338
0.0453066
0.0457755
0.0459169
0.0458399
0.0423851
0.0447111
0.0423601
0.0473315
0.0403953
0.0388674
0.0409016
0.0411669
0.0463263
0.0478037
0.049048
0.0445064
0.0448531
0.0464769
0.0473059
0.0479821
0.0451341
0.0473187
0.0439785
0.0539549
0.0552204
0.0534433
0.0469995
0.0490763
0.0429621
0.0477101
0.0424582
0.0467776
0.0402785
0.0519691
0.0494855
0.0460066
0.049104
0.0529756
0.0430069
0.0438725
0.0493024
0.0492954
0.0403762
0.0419869
0.0407017
0.0505013
0.0452622
0.0425426
0.045281
0.043438
0.0417126
0.0489359
0.0409784
0.0436769
0.041474
0.0457136
0.0477665
0.0455876
0.0382026
0.0414186
0.0407333
0.0458976
0.0468783
0.0493334
0.0502934
0.0447042
0.0443161
0.0387882
0.0434088
0.0382661
0.0476601
0.0457689
0.0433255
0.0409305
0.0448011
0.0421199
0.040422
0.0369759
0.0367299
0.0332249
0.0393274
0.035888
0.0352027
0.0343597
0.0398004
0.0364673
0.0427567
0.0377537
0.0326396
0.0344935
0.0385176
0.0410967
0.0411546
0.0383928
0.037572
0.0381362
0.0383489
0.0422898
0.0393909
0.0382386
0.0386476
0.0362161
0.0390593
0.039215
0.0400794
0.0458237
0.042315
0.0400177
0.0390981
0.0384352
0.03774
0.0404796
0.0391857
0.0395625
0.0423909
0.0435598
0.0490838
0.056966
0.046591
0.0430442
0.0483065
0.044289
0.043802
0.0425942
0.0496587
0.0473053
0.0480934
0.0448209
0.0502192
0.050063
0.050679
0.0433759
0.0565782
0.0557275
0.0477462
0.0481041
0.0533459
0.0523365
0.0556936
0.0447513
0.0470791
0.0501635
0.0454133
0.0519354
0.0476989
0.0430323
0.0499495
0.0486672
0.044421
0.0471845
0.0492598
0.0479397
0.0497294
0.0483787
0.0511129
0.0456037
0.0463566
0.0505323
0.0484504
0.0464897
0.0461659
0.0490579
0.0522933
0.0465773
0.0468205
0.042407
0.0463515
0.0500417
0.045447
0.049166
0.0505254
0.0521465
0.0537395
0.045799
0.0507729
0.0459776
0.0445137
0.0486471
0.0518261
0.055751
0.0447483
0.0471587
0.0520071
0.0480682
0.050896
0.0538951
0.0498377
0.0435806
0.0492336
0.0524798
0.0491855
0.0485593
0.0476625
0.0501611
0.0500944
0.045957
0.0448923
0.044661
0.0515033
0.0437715
0.0466063
0.0461372
0.0484043
0.0415124
0.0467719
0.0463608
0.0447489
0.049199
0.0441786
0.0431941
0.0472489
0.0491453
0.04058
0.0444568
0.0479722
0.0478563
0.0474809
0.0422951
0.0473649
0.047518
0.0478665
0.049147
0.0484932
0.0428065
0.0497965
0.0484583
0.0471433
0.051758
0.0453674
0.0501028
0.04548
0.0462903
0.0463327
0.0413909
0.04681
0.0444879
0.0433528
0.0505386
0.0499217
0.0430145
0.0485337
0.0505269
0.0484605
0.0483072
0.0494041
0.0476186
0.0492503
0.0482768
0.0549941
0.0513257
0.0436353
0.0465688
0.0462903
0.0432194
0.0431895
0.0430288
0.0440419
0.0481427
0.0468072
0.0433157
0.0472008
0.0423184
0.0404
0.0447306
0.0514294
0.0424256
0.0415993
0.0436143
0.0439936
0.0381214
0.0426568
0.0468846
0.0419293
0.0426211
0.0461672
0.0455163
0.0467539
0.0429179
0.0387463
0.0445434
0.0443123
0.0434326
0.0403128
0.0479622
0.0445139
0.0478907
0.0436261
0.0463235
0.0467519
0.0459135
0.0437731
0.0506951
0.0429786
0.051662
0.0480152
0.04446
0.0390108
0.0389205
0.0412899
0.0365427
0.040067
0.0445739
0.0481431
0.0489008
0.0465798
0.046956
0.0449894
0.0445074
0.0471786
0.0488713
0.0521444
0.0507146
0.0470068
0.0497296
0.0452865
0.0439346
0.0482293
0.049927
0.052547
0.0540388
0.0504777
0.0468165
0.0534816
0.0497234
0.0521917
0.0468011
0.058193
0.0538405
0.0522717
0.0470732
0.0469819
0.0528693
0.0519081
0.0563196
0.0501561
0.0522443
0.056881
0.0535756
0.054682
0.0495198
0.0520829
0.0500541
0.0489689
0.0544093
0.0528149
0.0520595
0.0535005
0.0553016
0.0566194
0.0461368
0.0535774
0.0524754
0.0477249
0.0505571
0.048979
0.0445966
0.0446899
0.050675
0.051814
0.0543088
0.0496077
0.0476025
0.0470337
0.0532472
0.0505119
0.0545876
0.0615813
0.0493695
0.0543343
0.0519412
0.0477786
0.0530679
0.0548613
0.0536739
0.0507723
0.0511642
0.0517092
0.0522016
0.0568449
0.0532111
0.05488
0.0432306
0.0496455
0.0486763
0.0555292
0.0465019
0.0509938
0.0472025
0.0550697
0.0525837
0.0543564
0.050995
0.0450975
0.0502852
0.0501538
0.0455878
0.0475084
0.053371
0.054173
0.0485553
0.0582121
0.0550728
0.049615
0.0472216
0.0493901
0.0508932
0.0538644
0.0493733
0.0523588
0.0496181
0.0501996
0.0488214
0.053134
0.0536633
0.0543336
0.0458842
0.0516229
0.0530617
0.0518509
0.0523685
0.049567
0.0525683
0.051667
0.0421923
0.0544786
0.0449298
0.0476434
0.0486295
0.0436024
0.0520259
0.0476029
0.0487278
0.0403672
0.0445117
0.0498033
0.0499383
0.0482027
0.0498318
0.0478991
0.0389817
0.0482841
0.0460618
0.0465444
0.0447217
0.0486723
0.0482409
0.0428282
0.044328
0.0466863
0.0443862
0.0470942
0.0404479
0.0419124
0.0429269
0.0438364
0.040241
0.0386117
0.0351215
0.0385616
0.0365691
0.0362115
0.0421505
0.0464673
0.0477937
0.0461618
0.0460036
0.0450904
0.0446412
0.0464779
0.0454798
0.0448621
0.0471331
0.0443297
0.0443247
0.0494446
0.0481514
0.0427268
0.0467164
0.041442
0.0440376
0.041452
0.0438965
0.0513138
0.0459721
0.0472099
0.046281
0.0440045
0.0484927
0.0437915
0.0436299
0.0456677
0.0436705
0.042208
0.0453736
0.0420881
0.0443782
0.0506596
0.0440636
0.0457158
0.0491275
0.0496005
0.0455556
0.0465713
0.0490991
0.0467639
0.0451913
0.0451991
0.0522244
0.0446533
0.0488492
0.0449217
0.0536214
0.049441
0.0480124
0.05074
0.0477613
0.0460968
0.04538
0.0498602
0.0526198
0.0450064
0.0502731
0.0548431
0.0507799
0.0540738
0.051421
0.0554299
0.0558464
0.051356
0.0527883
0.0521877
0.0530768
0.0547175
0.053388
0.0565815
0.0586714
0.0502431
0.047488
0.0554528
0.0523852
0.0539901
0.0540493
0.0514315
0.0563771
0.0529839
0.0508031
0.0610744
0.0532003
0.052558
0.0500937
0.0509127
0.0548167
0.0525132
0.0553748
0.0441203
0.046226
0.0501156
0.0527256
0.0510532
0.0499871
0.0463234
0.0454948
0.049563
0.0519238
0.0515545
0.0541714
0.0489797
0.055183
0.0512761
0.0560613
0.0558546
0.0516193
0.0506743
0.0582421
0.0535135
0.0558822
0.0535682
0.0576554
0.0503025
0.0560559
0.0545578
0.0533446
0.0540429
0.0461528
0.0542459
0.056403
0.0542044
0.047907
0.0518135
0.0554613
0.0563938
0.055777
0.048335
0.0501107
0.052716
0.0547107
0.0495773
0.0544067
0.0476948
0.048045
0.0575868
0.0520515
0.0521088
0.0553257
0.0525058
0.048828
0.0512334
0.0528074
0.0560862
0.0556457
0.0560139
0.0488155
0.0512162
0.0532579
0.0571197
0.0548468
0.0509876
0.0481049
0.048575
0.0518925
0.05549
0.0504105
0.0512519
0.0494829
0.0496643
0.0541716
0.0550048
0.0504617
0.0493918
0.0480435
0.0552517
0.0514954
0.0474957
0.0518513
0.0442871
0.0508813
0.0475926
0.0542219
0.0471556
0.0509673
0.0504646
0.0491261
0.0475577
0.0443751
0.0477051
0.0428994
0.048815
0.0480824
0.0452143
0.0474472
0.0460489
0.0464264
0.0439139
0.0470641
0.0504203
0.0497745
0.0453678
0.0496581
0.0489279
0.0504258
0.048515
0.0592031
0.0447416
0.0537729
0.052096
0.0507588
0.0496872
0.0489353
0.0496499
0.0452961
0.0447433
0.0442552
0.0469767
0.0417352
0.0463671
0.0507695
0.0521618
0.047605
0.0463686
0.0517994
0.0536315
0.0485129
0.0523423
0.0513726
0.044848
0.0431031
0.0503313
0.0509767
0.0506229
0.0502474
0.0489063
0.0439363
0.0463592
0.0407699
0.0454434
0.050598
0.053869
0.0493117
0.0504958
0.0476806
0.0420228
0.0433039
0.0497331
0.0467305
0.0456329
0.045657
0.0473531
0.0455609
0.0514622
0.0423935
0.0423761
0.0382088
0.0397975
0.0450961
0.0476471
0.042443
0.0428741
0.0405953
0.041037
0.0421367
0.0480929
0.0403704
0.0416815
0.0455778
0.0465158
0.0444141
0.0479199
0.0406614
0.0384841
0.0424058
0.0408842
0.0368714
0.0324654
0.0344083
0.0361544
0.0386281
0.0399657
0.0354216
0.0403422
0.0362905
0.0316322
0.0366361
0.0367681
0.03336
0.0292104
0.0275596
0.0232044
0.0280268
0.0186015
0.0202124
0.0162181
0.0236364
0.0166093
0.0193302
0.0269712
0.0177887
0.0223685
0.0219452
0.0252168
0.024697
0.0257481
0.0293676
0.0321146
0.0340846
0.0355103
0.0331539
0.0352842
0.0388281
0.0360935
0.0357265
0.0363726
0.0383562
0.0456127
0.0411006
0.0362696
0.0422502
0.0400994
0.0413303
0.0420233
0.040526
0.0362443
0.0393061
0.0400411
0.041669
0.0400234
0.0387896
0.0396679
0.039857
0.0394527
0.0387886
0.0394919
0.0417488
0.0397111
0.0354038
0.0337088
0.0396329
0.0406145
0.0402542
0.041075
0.0406867
0.0369987
0.0392423
0.037152
0.0398304
0.0352138
0.0355139
0.0369401
0.0414474
0.0359284
0.0377898
0.0391263
0.0363947
0.0390305
0.04135
0.0370982
0.0436601
0.0372147
0.0449366
0.0441762
0.0370669
0.0358652
0.0366572
0.0392663
0.041155
0.0404899
0.0374854
0.0409488
0.0382783
0.0440251
0.04138
0.0431112
0.0410049
0.0383453
0.0349562
0.0383627
0.0408424
0.0358349
0.0411255
0.043493
0.0417126
0.0427645
0.0374957
0.0425317
0.0378345
0.0373693
0.0399381
0.0388844
0.0381462
0.0341432
0.0350251
0.0432349
0.0398165
0.0380231
0.0413486
0.0374819
0.0379428
0.0353211
0.0402031
0.039522
0.0339698
0.0390292
0.0401395
0.0407012
0.0392933
0.0365805
0.0415063
0.0369571
0.0399862
0.0347478
0.0371394
0.0388472
0.03849
0.0402595
0.0352886
0.0383614
0.0379705
0.0405009
0.0371306
0.0363117
0.0392299
0.0445587
0.04757
0.0435671
0.045365
0.0434915
0.0427286
0.0418167
0.0437717
0.0349273
0.0380869
0.0385085
0.0359471
0.0382638
0.0372624
0.0393336
0.0335608
0.0357233
0.0387538
0.0366916
0.0343671
0.0404701
0.03864
0.0332173
0.0354617
0.0381629
0.0339316
0.0369466
0.0419961
0.0337628
0.0365186
0.0369602
0.0357354
0.0417627
0.039095
0.0390474
0.03928
0.0465578
0.0411403
0.0395032
0.0409187
0.0356696
0.0411976
0.0345947
0.0358985
0.0388574
0.0385897
0.0380492
0.0355309
0.0383265
0.0379397
0.0345981
0.0344323
0.0376051
0.0359085
0.0367998
0.0414164
0.0324912
0.0392206
0.0327806
0.039435
0.0393173
0.0377506
0.0360436
0.0355292
0.0334705
0.0343342
0.0345521
0.0335865
0.0360294
0.0396563
0.0440134
0.0389662
0.0376829
0.0402174
0.0407913
0.0363458
0.0390685
0.0390961
0.0407846
0.0383604
0.0361209
0.0378158
0.0370863
0.0351726
0.0359021
0.0364825
0.0380768
0.0355144
0.0384745
0.0369222
0.0363162
0.041353
0.0371487
0.0397245
0.0345965
0.0336246
0.0368523
0.0364197
0.0350343
0.0346691
0.0349285
0.0353857
0.0335175
0.0351898
0.0397978
0.0405446
0.0404634
0.0356364
0.0377909
0.0445687
0.0395853
0.0383716
0.036316
0.0383123
0.0364569
0.0417432
0.0387371
0.0390412
0.0364509
0.0376065
0.0411277
0.0445968
0.0430546
0.0394151
0.0386158
0.0425355
0.0375238
0.0414151
0.0377232
0.0473727
0.0407496
0.0441685
0.0468348
0.0418428
0.0442479
0.0384395
0.0414134
0.0492413
0.0429675
0.045064
0.0428048
0.0420161
0.040577
0.0386153
0.0503878
0.0438554
0.0408596
0.0454454
0.0422152
0.0441415
0.051682
0.0469158
0.0501613
0.051772
0.0484811
0.0533506
0.0531199
0.0476388
0.0479748
0.0541742
0.0459848
0.0486561
0.0438726
0.0436068
0.0462521
0.0494139
0.0503517
0.0563411
0.0540975
0.0487616
0.0446788
0.0524113
0.0517597
0.0544968
0.0472042
0.0453115
0.0525374
0.0503357
0.0466677
0.0492439
0.0483654
0.0522916
0.0541944
0.0463522
0.0535156
0.0527301
0.0487177
0.0514677
0.0507971
0.0452087
0.0490992
0.0533752
0.0505859
0.0512246
0.0449987
0.0448295
0.0462851
0.0513714
0.0484249
0.0481407
0.0469592
0.0452025
0.0501345
0.0488147
0.0558614
0.054005
0.0476695
0.0541661
0.0483173
0.0496317
0.0507906
0.0498431
0.0553235
0.0500571
0.0464788
0.0504358
0.0484238
0.0548329
0.0692771
0.0561594
0.056806
0.0554337
0.0514995
0.0514953
0.0541372
0.0543491
0.0525208
0.0543085
0.0565889
0.050434
0.0533959
0.0520751
0.0534654
0.0571815
0.0547222
0.0485633
0.0557086
0.0555654
0.0597082
0.059907
0.0529168
0.0499564
0.0502284
0.0644377
0.055587
0.0560742
0.0545324
0.0539051
0.0556272
0.0475844
0.0556802
0.057936
0.0551126
0.0458467
0.0600557
0.0498701
0.0555551
0.0486305
0.0516531
0.0561961
0.0577983
0.051416
0.0526153
0.0480518
0.0520645
0.0540438
0.0542774
0.0541996
0.0544474
0.0507092
0.0564877
0.05356
0.0514682
0.0540563
0.0508361
0.0565793
0.0515819
0.0531094
0.0507009
0.0547824
0.051763
0.0524077
0.054754
0.053634
0.0512794
0.0533086
0.0522569
0.0579176
0.0529665
0.071518
0.0541271
0.046825
0.0580563
0.0513115
0.0498368
0.0519185
0.0526316
0.0507053
0.0493322
0.0486392
0.0490961
0.0489383
0.0532178
0.0524871
0.053597
0.0535556
0.0529211
0.0495591
0.0666111
0.0658695
0.0530908
0.0499446
0.0539377
0.052747
0.0500005
0.049271
0.0522852
0.0495841
0.0541116
0.0482082
0.0516821
0.0546083
0.0494704
0.0517001
0.0445586
0.0456873
0.0471349
0.0479138
0.0474808
0.0473002
0.0467018
0.043776
0.0471693
0.0491827
0.046748
0.044032
0.0444033
0.0425996
0.0487663
0.053555
0.0545431
0.0451267
0.0487955
0.0534118
0.0509708
0.0484827
0.0462178
0.0470939
0.0482613
0.0536271
0.0537194
0.0500098
0.0504288
0.0591603
0.058805
0.053701
0.0508529
0.0543358
0.0581865
0.0533811
0.0553525
0.0483982
0.0486482
0.0517479
0.057167
0.0544904
0.0517022
0.0536219
0.0437212
0.0500863
0.0533998
0.0496637
0.0508679
0.0466789
0.0456343
0.0500017
0.0541179
0.0477101
0.0439417
0.0448904
0.0497859
0.048506
0.049931
0.0547444
0.0459603
0.0481515
0.0498909
0.0501916
0.0552231
0.0490691
0.0539476
0.0539151
0.0478457
0.0504996
0.0511524
0.049599
0.0519951
0.0552495
0.0484308
0.0518282
0.044853
0.0437692
0.047676
0.0527878
0.0509127
0.0492598
0.0456299
0.0473394
0.0493946
0.0513055
0.0414518
0.0520493
0.0509622
0.0552898
0.0483225
0.0540701
0.0488739
0.0514443
0.0520214
0.0501588
0.0534979
0.0487917
0.0456628
0.0467458
0.0494888
0.0465998
0.050479
0.0451063
0.0551487
0.0520895
0.045702
0.0537479
0.0534801
0.04505
0.0514389
0.0581075
0.0607228
0.056612
0.0443275
0.0496148
0.0561984
0.0575342
0.0555702
0.0516011
0.0542303
0.0481607
0.0545243
0.052489
0.0519797
0.048074
0.0441177
0.0487231
0.0560149
0.0603526
0.0465811
0.0477
0.0435652
0.0459647
0.0528722
0.0544172
0.0523171
0.0495737
0.048591
0.049446
0.0463825
0.0457951
0.044887
0.0452056
0.0476643
0.0483762
0.0484525
0.040536
0.041337
0.0498023
0.0472913
0.0455247
0.0483356
0.0424962
0.0488523
0.0477706
0.0512067
0.0482348
0.0406329
0.0515481
0.0488121
0.0488705
0.0482263
0.0458854
0.0481354
0.0486635
0.049358
0.0466251
0.0443966
0.0504921
0.0484573
0.0533653
0.0478173
0.0486087
0.051437
0.0545291
0.0581531
0.0587328
0.0522188
0.0548682
0.0518453
0.0566414
0.0499368
0.053799
0.0493637
0.0488565
0.0487292
0.053186
0.0526326
0.0504399
0.0544386
0.0546628
0.0479808
0.0488874
0.0501118
0.0530439
0.0466428
0.0461838
0.0487717
0.0524092
0.0510521
0.0516924
0.0478505
0.0503115
0.0486363
0.0446372
0.0496282
0.0520577
0.045716
0.0528456
0.0504207
0.0491742
0.0511333
0.048877
0.0499412
0.0524401
0.0490437
0.0461642
0.0464354
0.0484748
0.0419678
0.0492653
0.0463344
0.0495715
0.0466451
0.0438609
0.0442812
0.048545
0.0522895
0.0544363
0.0495482
0.0465446
0.0465585
0.0503646
0.0518249
0.0576367
0.0520704
0.0506487
0.0455592
0.0502437
0.046392
0.0503135
0.0460843
0.0530977
0.0518931
0.0473535
0.046834
0.0549178
0.0526084
0.053826
0.055497
0.0486572
0.0472538
0.0504392
0.0524633
0.0504364
0.0500114
0.0484832
0.0462225
0.0432049
0.0445168
0.0508093
0.0455847
0.0481217
0.0602718
0.0446756
0.0454407
0.0495243
0.0419952
0.0459965
0.0486104
0.0481143
0.0505609
0.0526464
0.0506745
0.0458096
0.0514275
0.0567638
0.0526943
0.0414395
0.0446972
0.0500977
0.0464112
0.0516689
0.047697
0.0492828
0.0446349
0.048968
0.0476998
0.0532495
0.0431257
0.0511411
0.0537125
0.0513315
0.0470254
0.0459855
0.0487283
0.0478016
0.0476649
0.0478133
0.0486623
0.0475559
0.0458292
0.0472755
0.0549453
0.0498005
0.0498582
0.0457799
0.0468771
0.0516471
0.0508188
0.0513649
0.0491284
0.0449771
0.0481744
0.0497624
0.0471701
0.0486733
0.0456017
0.0466324
0.0459408
0.0471396
0.0422627
0.0537219
0.0497553
0.0454548
0.0444198
0.0475163
0.0440447
0.0465765
0.0497031
0.0429098
0.044408
0.0520151
0.0456504
0.0460362
0.0515131
0.0466775
0.0499047
0.0475227
0.0452279
0.0466874
0.042776
0.0482946
0.0421541
0.0442562
0.0427397
0.0411344
0.0456302
0.0440173
0.0431807
0.0453994
0.0435354
0.0464287
0.0423822
0.040477
0.0435907
0.0421171
0.048741
0.0426829
0.0501774
0.0461322
0.0526085
0.0484954
0.044974
0.0448928
0.04376
0.0447057
0.0501234
0.043483
0.050427
0.0423837
0.044924
0.0515351
0.049696
0.0480775
0.0505589
0.0440466
0.0470019
0.0484253
0.0458349
0.0510318
0.0559397
0.0469096
0.0454636
0.0467658
0.0484354
0.0513373
0.0534345
0.0555581
0.0535588
0.0501073
0.0515827
0.0504907
0.0443438
0.0462249
0.0519824
0.0504883
0.0468928
0.0500486
0.051122
0.0562577
0.04999
0.0608553
0.0607634
0.0524938
0.056913
0.0465273
0.0464714
0.052061
0.0541416
0.0546275
0.0552651
0.0511515
0.0606149
0.0560591
0.0543929
0.0539473
0.047455
0.0592017
0.0593329
0.0628069
0.051732
0.0594165
0.0589362
0.064799
0.0596469
0.0546865
0.0521177
0.0581129
0.0521253
0.0540497
0.0557654
0.0499846
0.0521644
0.0561176
0.0536862
0.0541309
0.0534634
0.0544117
0.0584462
0.0541907
0.0512768
0.0529868
0.0519421
0.0543646
0.0514027
0.0502396
0.0551082
0.0520456
0.0475336
0.0550869
0.0464255
0.0503623
0.0528841
0.0480654
0.0485246
0.0506687
0.0526807
0.051112
0.0474292
0.049546
0.0522973
0.051409
0.0486627
0.0536929
0.0501018
0.046973
0.0481471
0.0452223
0.0520105
0.0505778
0.0575213
0.0509934
0.044334
0.0476728
0.0527677
0.0581125
0.051239
0.0517741
0.0546177
0.0472262
0.0505368
0.0489625
0.0517614
0.0524056
0.0512705
0.0531132
0.0439354
0.0509083
0.0567473
0.053637
0.0545566
0.0462141
0.0458425
0.0508916
0.0534922
0.0531992
0.0506566
0.0502981
0.0504243
0.0497198
0.0502902
0.0485162
0.0473081
0.0462071
0.0548048
0.0496156
0.0486658
0.0518067
0.0470349
0.0529059
0.0559207
0.0537761
0.0507621
0.0454637
0.0494279
0.0501323
0.0472404
0.0425138
0.0644048
0.0499691
0.0421268
0.0466694
0.0437549
0.0463901
0.0446027
0.0417514
0.0387937
0.0385517
0.0386303
0.0406554
0.034315
0.0415715
0.0413497
0.0352453
0.0335611
0.0371859
0.0318596
0.0301922
0.0312082
0.03581
0.0324773
0.0326925
0.0299128
0.0310154
0.0346475
0.0295411
0.0357297
0.0344865
0.0320795
0.0359651
0.0377218
0.0292791
0.0300826
0.031769
0.0257623
0.03003
0.0357896
0.0351164
0.0335377
0.0305103
0.0287064
0.0317895
0.0287545
0.0338791
0.0273147
0.0351357
0.0339196
0.031157
0.0285343
0.0378696
0.0352732
0.0333018
0.032647
0.0334704
0.0313229
0.0329454
0.0353062
0.0319147
0.0375291
0.0352984
0.0373275
0.0311111
0.0383155
0.0344163
0.0386737
0.038584
0.038686
0.0395242
0.0390062
0.0390969
0.034612
0.0379795
0.0335728
0.0328748
0.0397911
0.0334283
0.0393791
0.0452437
0.0381551
0.0376238
0.0373319
0.0407175
0.0362802
0.042749
0.0397317
0.0364322
0.0345872
0.0378028
0.0365118
0.0361387
0.0361787
0.0397456
0.043301
0.0413145
0.0381606
0.0431287
0.0420943
0.0391663
0.0403885
0.0373409
0.0399214
0.0346278
0.0368253
0.0395456
0.0430963
0.0430096
0.0409462
0.037854
0.0386793
0.0420478
0.039844
0.0390534
0.0405381
0.0383602
0.0446829
0.0429514
0.0386452
0.0392754
0.0426442
0.0385786
0.03827
0.0360195
0.0327698
0.0435225
0.0392353
0.0379629
0.0359032
0.0412687
0.0379507
0.0350235
0.0371296
0.0369732
0.0377558
0.0400014
0.0353588
0.0375381
0.045566
0.0402573
0.0380091
0.0415614
0.0409133
0.0458621
0.0406032
0.03448
0.0377303
0.0420418
0.0447925
0.0333095
0.0403787
0.0413756
0.039454
0.0378918
0.0430491
0.0415337
0.0389763
0.0417914
0.0366144
0.037116
0.0397593
0.0476803
0.0462806
0.0432787
0.0454686
0.0403823
0.0421538
0.0393181
0.0400544
0.0348569
0.0360101
0.0387678
0.035574
0.0359507
0.0413515
0.0369184
0.0366506
0.0399584
0.0397225
0.0328742
0.0343463
0.0381964
0.0429668
0.0315597
0.0469962
0.0347839
0.0366675
0.0442644
0.036582
0.03599
0.0441201
0.036581
0.0364992
0.0374501
0.0327943
0.0376045
0.0366065
0.0360158
0.0371439
0.0427435
0.0338857
0.039488
0.0387335
0.038407
0.0385399
0.0427274
0.0370521
0.0317124
0.0375656
0.0382506
0.0398889
0.0361044
0.0402186
0.0376641
0.0339739
0.0402737
0.0336908
0.0399869
0.0360945
0.0421039
0.0375253
0.0317369
0.0331491
0.0328914
0.0360626
0.0319821
0.035042
0.0352056
0.0369197
0.038387
0.0336532
0.0394912
0.0343939
0.0339246
0.0362119
0.0420159
0.0347522
0.0399247
0.0437717
0.039075
0.0349858
0.0468858
0.0454166
0.0429033
0.0414955
0.0424769
0.0509633
0.04307
0.0449601
0.0435783
0.0448989
0.0423926
0.0468317
0.0480207
0.0476928
0.049536
0.0438792
0.0439005
0.048466
0.0504871
0.0455911
0.0417094
0.0493841
0.0480381
0.045997
0.048599
0.0503059
0.0451637
0.0438829
0.048243
0.0465428
0.0445792
0.0453302
0.0430665
0.0534612
0.0541433
0.0491535
0.0442852
0.046376
0.0541051
0.0538761
0.0477838
0.0469862
0.0555275
0.0476108
0.0492344
0.0478457
0.0530489
0.0454224
0.0543456
0.0497605
0.04428
0.0556984
0.0532664
0.0505807
0.0535249
0.0475485
0.0507784
0.0536201
0.0491353
0.0507024
0.0471229
0.0517111
0.052706
0.05601
0.0532682
0.0516775
0.050127
0.0553988
0.0528673
0.0517629
0.0494007
0.0412316
0.0564045
0.052042
0.047419
0.0483563
0.0522122
0.053641
0.0515498
0.0527684
0.053282
0.0503152
0.0503163
0.0499494
0.0469488
0.0467107
0.0454414
0.0430637
0.0472218
0.0500711
0.0442636
0.0441456
0.0370172
0.0489129
0.0481112
0.0453543
0.0456352
0.0414168
0.0460062
0.0411203
0.0419547
0.0441736
0.0396935
0.0441425
0.0407754
0.0411566
0.0414941
0.037046
0.0505309
0.045557
0.0485849
0.0456228
0.0438977
0.0444569
0.0470981
0.0481677
0.0431103
0.0427796
0.0467054
0.0430331
0.0410967
0.0425416
0.0440428
0.0478588
0.042955
0.0411421
0.0464319
0.0428108
0.0470769
0.0420925
0.0415443
0.0421181
0.0442694
0.0432559
0.041145
0.0439173
0.044168
0.0445569
0.0445483
0.0428071
0.0490113
0.0403478
0.0397861
0.0438147
0.0422416
0.0478988
0.049386
0.0426657
0.0485109
0.0456678
0.0419274
0.0545727
0.0435096
0.05014
0.0407993
0.0440085
0.0408799
0.0427189
0.0437215
0.042544
0.0440233
0.0420522
0.0449821
0.0423471
0.0455413
0.0430092
0.0433061
0.0394988
0.0413884
0.0401247
0.042884
0.0402401
0.0376836
0.0401922
0.0401356
0.0487649
0.0408616
0.0451952
0.0482188
0.0449514
0.0448089
0.044605
0.0411816
0.0396231
0.0436743
0.0423335
0.0512087
0.04469
0.0496746
0.0471325
0.0433105
0.0439787
0.0457222
0.0405821
0.0422842
0.0445032
0.0379657
0.0443022
0.0462306
0.0426324
0.0400017
0.0414861
0.0373622
0.041256
0.0458702
0.047049
0.0474492
0.0477468
0.0436259
0.0465221
0.0439893
0.0560418
0.0432837
0.0422918
0.0434944
0.0461419
0.0447309
0.0498583
0.0454879
0.0459165
0.0419061
0.0418712
0.0435203
0.0475897
0.0416916
0.0463496
0.0413513
0.0409582
0.0513624
0.0547849
0.0475892
0.0414416
0.0423929
0.0478917
0.0495735
0.0434775
0.0460464
0.0458813
0.045708
0.0490748
0.0531287
0.0517837
0.0485738
0.0485064
0.0509213
0.045794
0.0497913
0.0486474
0.050184
0.051969
0.0494213
0.0462821
0.0437328
0.0485132
0.045746
0.0538413
0.0475835
0.0501696
0.0535288
0.0461414
0.0511653
0.0504657
0.051755
0.0484266
0.0463518
0.0508916
0.0531688
0.0538387
0.0437589
0.0507848
0.0520475
0.0500615
0.0439861
0.0447625
0.0484549
0.0473301
0.050556
0.0528023
0.0475749
0.050715
0.0450504
0.0489472
0.0478048
0.045408
0.0585846
0.0502364
0.0473814
0.0468446
0.0477702
0.0468721
0.04606
0.0493488
0.0459577
0.0514344
0.0499984
0.0470954
0.0422009
0.042957
0.0467873
0.0450835
0.046641
0.0466393
0.0410789
0.0463606
0.0455962
0.0455581
0.0452466
0.0420726
0.0417081
0.0441058
0.0411387
0.0365686
0.0362582
0.0412265
0.0368426
0.0427969
0.0433509
0.0383792
0.0364096
0.0357051
0.0380916
0.0368191
0.0421496
0.0366041
0.0475094
0.040256
0.0370121
0.0376319
0.0413785
0.0432716
0.041516
0.0420492
0.040452
0.0415402
0.0456894
0.0391307
0.0408568
0.0399533
0.0367108
0.039908
0.0451689
0.0419709
0.0378087
0.0462662
0.0411771
0.0442454
0.0421221
0.0406682
0.045535
0.0464543
0.0433537
0.0433428
0.04867
0.0433027
0.0472211
0.0501029
0.0482071
0.0406721
0.041051
0.0475769
0.0452636
0.0497072
0.0522439
0.045454
0.0416767
0.0399251
0.0430601
0.0401119
0.0426227
0.0395252
0.0438943
0.0379216
0.0462625
0.0508481
0.0475705
0.0398573
0.0418867
0.0460852
0.0442635
0.0429813
0.045538
0.0452741
0.0451011
0.0453703
0.0496161
0.0498437
0.0433193
0.0464542
0.0442444
0.0456245
0.0458146
0.0483448
0.0445221
0.0435768
0.0436283
0.0437372
0.0409407
0.0455076
0.0458367
0.0540633
0.0495073
0.0480386
0.0475134
0.0478522
0.0437917
0.0462874
0.0494828
0.0465665
0.0503164
0.0551596
0.0426849
0.045404
0.05264
0.0566244
0.0535573
0.0479185
0.0461408
0.0427316
0.0494696
0.0554221
0.0449833
0.0463789
0.0450919
0.0481434
0.0530748
0.0483971
0.0508782
0.0433407
0.0444238
0.0490463
0.0510944
0.0489727
0.0480521
0.0503022
0.0467001
0.0477434
0.0506547
0.0470053
0.0492895
0.0516739
0.0529196
0.0464595
0.0523465
0.0553198
0.0497472
0.0518961
0.0506191
0.0522259
0.0524181
0.0466595
0.053316
0.0509938
0.0479278
0.0434999
0.0508813
0.0465056
0.0528301
0.0506539
0.0536318
0.0494109
0.0462969
0.0526772
0.0542711
0.0562335
0.0467154
0.0472226
0.0538839
0.0521858
0.0561937
0.0513554
0.0499392
0.0573583
0.0608506
0.0553708
0.0521714
0.0492621
0.0460279
0.0502692
0.0508548
0.0479779
0.0476905
0.0439347
0.0367787
0.0470968
0.0470513
0.0428521
0.0452355
0.0467808
0.0489584
0.0468964
0.0427389
0.0478464
0.0482312
0.0536617
0.0479606
0.0489218
0.0492051
0.0500849
0.0464886
0.0516195
0.0478386
0.0552506
0.0476763
0.0551348
0.0557769
0.0521735
0.0507949
0.048593
0.0518394
0.0536615
0.0556469
0.054343
0.0482934
0.0508216
0.0531808
0.050288
0.0519251
0.0492953
0.052727
0.0501434
0.0531904
0.0522039
0.0585573
0.0485165
0.0485262
0.0522257
0.0459432
0.0437539
0.0470751
0.0520959
0.0544421
0.0459465
0.0439343
0.0450273
0.045394
0.0449887
0.0429706
0.0371038
0.04316
0.0496412
0.0419284
0.0395624
0.0392201
0.0424891
0.036161
0.0454356
0.041853
0.0426992
0.0394754
0.0396917
0.050273
0.0477129
0.0464951
0.0435871
0.0538745
0.058853
0.0520941
0.054279
0.0524751
0.0507749
0.0579295
0.0554904
0.0575551
0.057138
0.0564018
0.0563643
0.0567436
0.0518396
0.0558334
0.0526695
0.056348
0.0567143
0.0550456
0.0549678
0.0531537
0.049901
0.0557855
0.0493408
0.0542092
0.0555648
0.0572613
0.0484497
0.0531156
0.0551294
0.0531862
0.058564
0.053334
0.051745
0.0502056
0.0558051
0.0578047
0.0571598
0.0556155
0.0583496
0.0528128
0.0583166
0.0610826
0.0993425
0.0548087
0.059908
0.0579569
0.0555821
0.0612302
0.0689458
0.0609753
0.0699195
0.0774333
0.0559971
0.0593235
0.0630934
0.0592419
0.0634238
0.0686562
0.0693385
0.0700189
0.0706871
0.0783855
0.0642632
0.066842
0.0676389
0.0717629
0.0749738
0.0629994
0.0667766
0.0656461
0.0706888
0.0614826
0.0597829
0.0607666
0.0750526
0.0667276
0.0603458
0.0689465
0.0783307
0.0599057
0.0636113
0.0587395
0.0663041
0.0641199
0.0623458
0.0579919
0.0628617
0.0546363
0.0591181
0.0604435
0.0683998
0.0676306
0.0637136
0.0531077
0.0554223
0.0593838
0.0566475
0.0563107
0.058159
0.0518261
0.052404
0.0525324
0.0500139
0.0491256
0.0548271
0.0540306
0.0485351
0.053588
0.0508676
0.0532234
0.0479628
0.0540381
0.0554324
0.0593982
0.0578822
0.0535475
0.0528435
0.0555502
0.0528331
0.0549235
0.0495622
0.0538677
0.0576879
0.0570786
0.0605717
0.0542244
0.0716852
0.0565028
0.0516099
0.0546198
0.0576477
0.0492
0.0532437
0.0541543
0.0538884
0.0544234
0.0525582
0.0535497
0.0561903
0.0554787
0.0548066
0.056963
0.058025
0.0528713
0.0499974
0.0533309
0.0556388
0.0567987
0.0565809
0.0535332
0.0514478
0.0507108
0.052104
0.0575068
0.0537967
0.0542808
0.0548637
0.0578913
0.0569535
0.0531924
0.0516388
0.0525433
0.0522442
0.0558621
0.0569592
0.0601349
0.0591971
0.0585515
0.0575724
0.0571126
0.0557327
0.0572964
0.058701
0.0548525
0.0501399
0.0473101
0.0616045
0.0521429
0.0519186
0.0737754
0.0631382
0.0655607
0.0565824
0.0591037
0.0583049
0.0619191
0.0658106
0.0582061
0.0550971
0.0502451
0.0547635
0.0636446
0.0622502
0.0569614
0.0595462
0.061154
0.0576992
0.066407
0.058981
0.0560501
0.0661262
0.0665637
0.0624511
0.0708784
0.0623045
0.0575824
0.0617784
0.0603619
0.0570635
0.0592638
0.0625151
0.0566626
0.0634461
0.0635801
0.0573358
0.0541959
0.0581463
0.0518336
0.0737286
0.0600308
0.0637302
0.0583487
0.0628282
0.0614898
0.054646
0.0571822
0.0576986
0.0565413
0.06065
0.0550673
0.058367
0.0632115
0.0535427
0.0605272
0.0607008
0.0570942
0.0560342
0.0601423
0.0595007
0.0529334
0.0505593
0.0566776
0.0542471
0.0573089
0.0550915
0.0571952
0.0530726
0.0581575
0.0477954
0.050905
0.0594677
0.0564353
0.0582776
0.049892
0.0563258
0.049683
0.0483186
0.0578881
0.0541256
0.0548059
0.0564963
0.0597227
0.0511807
0.0546835
0.0541521
0.0593154
0.0554477
0.0573005
0.0529019
0.0558072
0.0515309
0.0595437
0.0565316
0.057301
0.0532963
0.0542552
0.0548449
0.067027
0.0529415
0.0646746
0.0554521
0.0535022
0.0540317
0.0576334
0.0572136
0.0547968
0.0576813
0.0531095
0.0532437
0.0563404
0.0708349
0.0575976
0.0548272
0.0512011
0.0568865
0.055385
0.0595047
0.0574137
0.0533875
0.0581707
0.0558617
0.0512646
0.0565858
0.0533569
0.0562451
0.046115
0.0486867
0.0495996
0.0475645
0.0539607
0.0544397
0.0574523
0.0509863
0.0535796
0.0558271
0.046966
0.0557897
0.0515035
0.0530125
0.0577298
0.0562111
0.0585031
0.0612173
0.0558604
0.056658
0.0544142
0.0563812
0.0628171
0.0526921
0.0560116
0.0586076
0.0553676
0.0559941
0.0520603
0.054124
0.0480886
0.0547479
0.0527998
0.0547322
0.0521782
0.0613194
0.0500685
0.051619
0.0535317
0.0536059
0.0538532
0.054596
0.0530258
0.0499946
0.0597782
0.0544783
0.0558389
0.0530776
0.0487435
0.0550671
0.055782
0.0522601
0.0573067
0.0491448
0.0475612
0.0533474
0.0448926
0.0514927
0.0505838
0.0520083
0.0471484
0.0510686
0.0499742
0.0482392
0.0475822
0.0504428
0.0500884
0.0484454
0.0475184
0.0473291
0.050425
0.0494976
0.0527128
0.0489506
0.0503499
0.0523113
0.0510031
0.0514737
0.0533155
0.0524129
0.0545516
0.0580543
0.0499098
0.0537429
0.0548276
0.0549768
0.053686
0.055341
0.0541896
0.0539447
0.0515754
0.0582036
0.0575967
0.0589055
0.0514485
0.0545321
0.0557858
0.0543505
0.0558294
0.0539423
0.0633721
0.0540413
0.0558321
0.0554134
0.0600839
0.0593826
0.0541568
0.0479332
0.0555351
0.0535052
0.0569152
0.0541076
0.051653
0.0513945
0.0576756
0.0559233
0.0534806
0.0605684
0.0507626
0.0528629
0.0520501
0.0527432
0.0541377
0.0566021
0.0571049
0.0531734
0.0642742
0.0589463
0.054909
0.0566973
0.0580178
0.056914
0.0643115
0.0601841
0.0645122
0.05627
0.0592887
0.0605788
0.0641729
0.0645243
0.0623415
0.0613525
0.0566649
0.058566
0.0581089
0.0568865
0.0556775
0.0534369
0.064
0.0621018
0.0594331
0.0619839
0.0657206
0.0675604
0.0635801
0.0640173
0.0631838
0.0692651
0.0630676
0.0631586
0.0616065
0.0572117
0.0558867
0.0575366
0.061388
0.0524046
0.0551084
0.0625681
0.059971
0.0528077
0.0538875
0.0584923
0.0525125
0.0624333
0.0612502
0.0642209
0.0606706
0.0557085
0.060296
0.0565289
0.0532593
0.0558815
0.0552916
0.0492971
0.0580885
0.0589315
0.0533707
0.0536866
0.0582875
0.0582887
0.0572508
0.0544096
0.0550217
0.0575783
0.0568539
0.0499836
0.0580181
0.0537536
0.0585022
0.055831
0.0508775
0.0561264
0.054307
0.0684518
0.0566273
0.0578079
0.0542811
0.0542233
0.0555503
0.0574067
0.0586093
0.0589978
0.0541383
0.0562027
0.0564375
0.0539675
0.0690423
0.0731243
0.0548829
0.0637625
0.0620309
0.075517
0.0603404
0.0581795
0.0511769
0.0542859
0.0571718
0.0518122
0.0828941
0.0630748
0.0744002
0.0582565
0.0591643
0.0609718
0.0634751
0.0606318
0.0594633
0.0666981
0.0578668
0.0590618
0.0541941
0.0546944
0.0626675
0.0520817
0.0563885
0.0529596
0.0504534
0.0502947
0.056544
0.0528343
0.0526061
0.0555722
0.0569476
0.0560188
0.0543854
0.0548089
0.0593714
0.0614485
0.0583172
0.0598277
0.0651801
0.0597209
0.0609282
0.0587177
0.0603307
0.0609968
0.066109
0.0656515
0.0526814
0.0564786
0.0523103
0.0510438
0.0519268
0.0493135
0.0570245
0.0517651
0.0526541
0.0477107
0.0473885
0.0521999
0.053436
0.0517222
0.058484
0.0560967
0.0484945
0.0487328
0.0499731
0.0512828
0.0483877
0.0485753
0.0492582
0.0520095
0.0488507
0.0529834
0.0528294
0.057022
0.0577328
0.054565
0.0556799
0.0584361
0.0566252
0.0551071
0.0542838
0.0490878
0.0495219
0.0518075
0.0534223
0.058572
0.062435
0.0539795
0.0528828
0.0564396
0.054441
0.0549631
0.0589042
0.0619616
0.0615683
0.0555559
0.0565762
0.0524764
0.0481787
0.0563542
0.0558185
0.0591572
0.0498772
0.0570173
0.0525901
0.0554087
0.0566329
0.0550252
0.0571291
0.0522745
0.0563206
0.0569999
0.0544058
0.0581353
0.0606964
0.0559239
0.0551738
0.0494575
0.0501558
0.0482934
0.0484879
0.0451622
0.0478382
0.0465328
0.0498424
0.0499966
0.0489098
0.0519918
0.0476298
0.0467143
0.052016
0.0492731
0.0514703
0.0465774
0.0462858
0.049872
0.0484902
0.0445191
0.0554378
0.0441659
0.050041
0.0505198
0.0562275
0.0577255
0.0513894
0.0504535
0.0468748
0.0533533
0.0444003
0.0458528
0.0465375
0.04918
0.0497437
0.0521211
0.047038
0.0507126
0.0485567
0.0464136
0.0561209
0.0449225
0.0493033
0.0504923
0.0478348
0.0526154
0.0460124
0.0510605
0.0529823
0.0496311
0.0469167
0.0508537
0.0499268
0.0483168
0.0504701
0.045429
0.0472532
0.046439
0.0511248
0.051741
0.0465482
0.0467602
0.0565673
0.0483624
0.0569487
0.049275
0.0516628
0.0492966
0.0525303
0.0537049
0.0569099
