0.038539
0.0540761
0.046422
0.0435957
0.0420399
0.0407685
0.0392859
0.0383628
0.0385616
0.0364779
0.0362736
0.0766914
0.0470116
0.0425199
0.0436081
0.0424631
0.0453957
0.0474199
0.0459987
0.0400013
0.0458376
0.0449864
0.0419622
0.0460311
0.0504541
0.0476919
0.0516863
0.0496944
0.0454785
0.0538655
0.0447871
0.0432795
0.0511699
0.0526255
0.0475755
0.0538345
0.0463054
0.055083
0.0430299
0.0526885
0.0432453
0.0549481
0.0465397
0.045539
0.0439892
0.0441487
0.0483493
0.0458857
0.0448855
0.0488155
0.048833
0.050141
0.0501829
0.0485748
0.0508136
0.0580752
0.0500554
0.0486741
0.0444826
0.0553569
0.0594423
0.0427889
0.0480806
0.0385944
0.0491434
0.045478
0.0417934
0.0404912
0.0433262
0.0387957
0.0512947
0.0443556
0.0439902
0.0455442
0.040464
0.0446544
0.0455962
0.0447423
0.0482446
0.0476132
0.0418921
0.0411984
0.0487204
0.0466889
0.0446383
0.0446781
0.0478362
0.0497077
0.044701
0.0493733
0.0421344
0.0490207
0.0437438
0.0439405
0.046787
0.0452051
0.0450387
0.0476362
0.0411505
0.0485592
0.0387903
0.0437652
0.0411003
0.0470307
0.0476153
0.0498475
0.0454863
0.0478306
0.0404323
0.0433873
0.0433392
0.0476508
0.0470774
0.0434231
0.0490494
0.0414701
0.0483159
0.0432023
0.0462475
0.0488934
0.0534246
0.0571747
0.0438261
0.0518531
0.0464144
0.0514706
0.0495073
0.054143
0.0516901
0.0433411
0.0488432
0.0430779
0.0458911
0.0403826
0.0454995
0.0501998
0.0473821
0.047908
0.0464163
0.0425894
0.0498623
0.0434283
0.0459254
0.0433531
0.0485324
0.0441428
0.0444989
0.0418842
0.05376
0.0583753
0.0559754
0.0465754
0.0480994
0.0486814
0.0513451
0.045083
0.0486341
0.0455142
0.0500077
0.0466066
0.0473072
0.0475896
0.052488
0.0488363
0.0457635
0.0441551
0.0540341
0.0502427
0.0465316
0.0470131
0.0438954
0.0406082
0.0412446
0.0494598
0.0396565
0.0478293
0.0412629
0.0443374
0.0434211
0.0422968
0.0439912
0.0449896
0.0399458
0.0390127
0.0447975
0.0393428
0.0464747
0.0428903
0.0456188
0.0403683
0.0424462
0.0436115
0.0416293
0.0501675
0.0402888
0.0461204
0.0463806
0.0373453
0.046207
0.0424805
0.0445634
0.0597593
0.0507609
0.0416893
0.044494
0.0421503
0.0451617
0.0435381
0.0457985
0.0512556
0.0498418
0.0396614
0.0472776
0.039597
0.045512
0.0405877
0.0466923
0.04149
0.0532128
0.0481839
0.0455211
0.0420544
0.0503482
0.0475449
0.0451557
0.054509
0.0521758
0.045015
0.0406102
0.0425472
0.0422885
0.0416436
0.0444077
0.0530832
0.0551741
0.0425403
0.0414103
0.0427367
0.04253
0.0390083
0.0515367
0.0536508
0.0450661
0.0446268
0.0434899
0.0480167
0.0402503
0.0411741
0.048148
0.0475645
0.0465021
0.0473756
0.0425665
0.0415894
0.0410177
0.0486761
0.0582216
0.0454361
0.046586
0.043521
0.0428757
0.0441022
0.0431212
0.0441381
0.042622
0.0389428
0.0385363
0.0408816
0.0456303
0.0392592
0.0352744
0.036352
0.0472226
0.0475679
0.0459842
0.04756
0.0455802
0.0449558
0.0445593
0.0483312
0.0495435
0.0499322
0.0548475
0.0497237
0.0421258
0.0600023
0.0498681
0.0557287
0.0493251
0.0453723
0.0476145
0.052646
0.050342
0.0490587
0.0426505
0.0415222
0.0487068
0.0515907
0.0450537
0.0488575
0.0447918
0.0468798
0.0474585
0.0518553
0.0450358
0.0563642
0.0465405
0.0464127
0.0436411
0.0442705
0.0440867
0.0491098
0.0386646
0.048993
0.0462667
0.0435509
0.0388982
0.0494219
0.0451011
0.0455477
0.0442205
0.0464971
0.0425686
0.0476889
0.0437645
0.0492602
0.0476824
0.044401
0.0474937
0.0432236
0.0464062
0.0434786
0.0445347
0.049078
0.0409648
0.0464425
0.0449251
0.046141
0.0622836
0.0428089
0.0440982
0.0423354
0.0418519
0.0416889
0.0534278
0.0402131
0.0508765
0.0420393
0.0394719
0.0449143
0.0450373
0.0426336
0.0449988
0.045867
0.0425579
0.0478249
0.0422294
0.0466774
0.0417975
0.0435475
0.0433407
0.043878
0.0378317
0.0437797
0.0431543
0.0421349
0.0471351
0.044897
0.0438678
0.0427696
0.038561
0.0416711
0.0399341
0.0478229
0.050579
0.0429296
0.0408727
0.0413018
0.0431042
0.0424459
0.0474482
0.0411336
0.0428394
0.0436563
0.0418439
0.0397525
0.0423803
0.0414279
0.044016
0.0425947
0.0430289
0.0384663
0.0488938
0.0410481
0.0473674
0.0464659
0.0416518
0.0542281
0.0495129
0.0423853
0.0391614
0.0383584
0.0405648
0.041236
0.0425416
0.0446407
0.041965
0.0411947
0.0432602
0.0427806
0.0461245
0.0446835
0.04577
0.0420782
0.0495789
0.0442674
0.04387
0.0435566
0.0438632
0.0553205
0.0524289
0.0412651
0.0454511
0.0487488
0.0468174
0.0386427
0.0502402
0.0485625
0.0419672
0.0407029
0.0439766
0.0380762
0.0563947
0.0388564
0.042609
0.0449517
0.0418086
0.043044
0.0556439
0.041177
0.0430611
0.0431225
0.0405389
0.0464573
0.0408989
0.049698
0.0402761
0.0482505
0.0415073
0.0389534
0.0410091
0.0473853
0.0395039
0.0410044
0.045035
0.0420442
0.0472034
0.0445827
0.0433472
0.0411305
0.0399953
0.0473134
0.0421994
0.0449886
0.042138
0.041142
0.0452833
0.0397155
0.0379069
0.0408907
0.0449435
0.0434801
0.0385341
0.0417089
0.0394034
0.0407315
0.0375679
0.036209
0.0353164
0.0377969
0.0373667
0.0353442
0.035161
0.0331642
0.0349689
0.0397521
0.0345762
0.0356984
0.0325263
0.0325711
0.0399738
0.0374009
0.0389585
0.041385
0.0365095
0.0348259
0.0396099
0.052713
0.0444313
0.0377208
0.040768
0.0445714
0.0384649
0.0380505
0.0377741
0.0448556
0.0465634
0.0371034
0.0438399
0.0384642
0.0374422
0.0482696
0.0393387
0.0380156
0.0415798
0.0447884
0.0398025
0.0427443
0.0456853
0.043989
0.0451355
0.0389441
0.0429193
0.0502282
0.0585898
0.0446872
0.0473066
0.043993
0.0477536
0.0410418
0.0479676
0.040601
0.0444031
0.0482397
0.0457115
0.0502786
0.0455981
0.04068
0.044743
0.0492744
0.0413818
0.0475519
0.0433727
0.0457128
0.0435181
0.04487
0.04391
0.0404088
0.0466642
0.0447192
0.0423643
0.0451872
0.0432618
0.0405309
0.0452234
0.0464533
0.0411683
0.0438585
0.0405227
0.0441055
0.0453277
0.0471085
0.0452308
0.0424511
0.04408
0.0496352
0.0495047
0.0558109
0.0521745
0.0457457
0.0424769
0.0468633
0.0418731
0.0455156
0.0427378
0.0462781
0.0502422
0.0473143
0.0474328
0.0461018
0.0421608
0.0454681
0.0522222
0.0476937
0.0426637
0.0479957
0.0435784
0.0448601
0.0502968
0.0469251
0.0521974
0.0497424
0.0496795
0.045137
0.0540038
0.0508107
0.0446658
0.0443693
0.0492328
0.0486583
0.0473501
0.0475459
0.0466632
0.0491263
0.0472333
0.0428301
0.045757
0.0455221
0.0431769
0.045069
0.0459
0.044187
0.0429835
0.0542885
0.042967
0.0503773
0.0453867
0.0425
0.0442484
0.0453409
0.043252
0.0462665
0.0457335
0.0475882
0.04458
0.0448466
0.0480003
0.0490115
0.0502291
0.0433801
0.0458459
0.0441395
0.0415482
0.042872
0.0468808
0.051546
0.0444203
0.0474417
0.0397503
0.047137
0.0477864
0.0468393
0.0493185
0.0481874
0.0499178
0.0454037
0.0448253
0.0472818
0.0471522
0.0492576
0.0448382
0.0447802
0.0462608
0.043378
0.0464259
0.0498622
0.0462318
0.0502468
0.0501302
0.0478274
0.0462859
0.0440945
0.0432829
0.0483387
0.0407144
0.054458
0.0506425
0.0383064
0.0381134
0.0433974
0.0420524
0.0435551
0.0400347
0.0439561
0.0426552
0.0381466
0.0416049
0.0475522
0.0452737
0.0451835
0.0391185
0.0403566
0.0427233
0.043427
0.0405436
0.0393403
0.0393779
0.0425453
0.039365
0.04452
0.0392462
0.0404822
0.047115
0.0436436
0.0402258
0.0392464
0.0453954
0.0482678
0.0440974
0.040989
0.0474964
0.0445226
0.0404393
0.0452728
0.0480998
0.0477099
0.0485109
0.0466596
0.0427413
0.0475412
0.0463126
0.0465167
0.0475406
0.0425881
0.0452891
0.0469042
0.0387448
0.0425173
0.0459421
0.0488542
0.0477026
0.0440892
0.0464523
0.0500734
0.0476992
0.0494003
0.0478299
0.0437134
0.0453446
0.0466315
0.0443525
0.0440078
0.0503365
0.0483865
0.0544672
0.0564398
0.0451322
0.0466657
0.0452538
0.0507903
0.0497241
0.046834
0.0527692
0.0559066
0.04594
0.0485612
0.0436265
0.0594968
0.0544808
0.0503248
0.0543476
0.0468584
0.048425
0.0493166
0.0480883
0.0486034
0.0488066
0.0497007
0.0507112
0.0458891
0.0473285
0.0494779
0.0467789
0.0493479
0.0441915
0.0457291
0.0463661
0.0494137
0.0548314
0.054778
0.0557548
0.0563277
0.0522369
0.0487651
0.0531745
0.0488822
0.0512601
0.0482678
0.0535969
0.0508231
0.047987
0.0475758
0.048455
0.0500849
0.0512087
0.04436
0.0489307
0.0463381
0.0482173
0.0556642
0.0503093
0.047879
0.0492141
0.0508281
0.0500776
0.0494643
0.0449084
0.0508047
0.047102
0.0467689
0.0469023
0.0472393
0.0472986
0.0453723
0.046701
0.0528647
0.0510216
0.048002
0.0492172
0.0509039
0.0495707
0.0497961
0.0486801
0.0498332
0.0528438
0.0537938
0.0514798
0.0457314
0.0482811
0.0466224
0.0525361
0.04685
0.044704
0.0500859
0.051256
0.0449849
0.0470723
0.0435862
0.0465103
0.0443779
0.0504526
0.0464237
0.0527387
0.0527271
0.0495311
0.0445011
0.0483615
0.0504483
0.0487367
0.0456114
0.0460047
0.0431341
0.0500837
0.0456656
0.0466376
0.0427658
0.0428404
0.0417596
0.0493782
0.0457929
0.0464962
0.0411945
0.0417768
0.0412054
0.0428715
0.0472117
0.0445434
0.045737
0.0474647
0.0404394
0.0485423
0.0465527
0.0453237
0.0373072
0.0401904
0.044434
0.0404502
0.0439037
0.0434834
0.0391585
0.0488275
0.0442558
0.0415928
0.0428324
0.0450267
0.0479993
0.0425082
0.0513277
0.0442356
0.0489128
0.0393159
0.045212
0.0471907
0.0452579
0.0649711
0.0483275
0.0476931
0.048051
0.0436358
0.0439645
0.0628119
0.0507659
0.0477013
0.0503113
0.0446603
0.0473349
0.0467887
0.0573849
0.0520586
0.0500689
0.0438667
0.0478729
0.0477909
0.0464906
0.0491368
0.0446209
0.0447381
0.0412126
0.0445399
0.0492104
0.0476796
0.0497396
0.0425849
0.0507023
0.0516896
0.0525443
0.0452639
0.0454657
0.0474212
0.0485862
0.0480017
0.0404824
0.0442175
0.0428345
0.0513699
0.0467641
0.0489213
0.0476374
0.0512317
0.05218
0.048347
0.0429855
0.0516267
0.0546714
0.0516838
0.0475531
0.0469193
0.053838
0.0511201
0.0492262
0.0557742
0.0532413
0.0494318
0.0487279
0.057818
0.0508439
0.0526605
0.0509917
0.0557867
0.054768
0.0516033
0.0583587
0.0542012
0.0513232
0.0553231
0.0495297
0.0548627
0.0542308
0.0524305
0.0550891
0.0497352
0.0485335
0.0492259
0.0536773
0.0506916
0.0517729
0.0491587
0.0538408
0.0509462
0.0507815
0.0518843
0.045902
0.0504726
0.0580933
0.0515714
0.0511813
0.053654
0.0503246
0.0481452
0.0508097
0.0508176
0.0544655
0.0486225
0.0495168
0.0465256
0.0566226
0.0516946
0.0566421
0.0530538
0.0526868
0.056405
0.0506935
0.0510801
0.0476409
0.0485588
0.0531422
0.0515682
0.052873
0.055905
0.0518012
0.0533259
0.0496219
0.0510355
0.0518894
0.0561292
0.055563
0.0476129
0.0449135
0.052662
0.0494073
0.051454
0.0543476
0.0467994
0.053984
0.0493227
0.0523902
0.0580676
0.0503204
0.0479901
0.054585
0.0452088
0.0529376
0.0558659
0.0539403
0.0482491
0.051722
0.0536954
0.0505154
0.0451422
0.0507399
0.050405
0.0485957
0.0469752
0.0508909
0.0460118
0.0453855
0.0488957
0.0491846
0.0536727
0.0521126
0.05046
0.0499697
0.0480504
0.0480193
0.0424455
0.0443018
0.0443754
0.0456799
0.0484251
0.0527886
0.048977
0.0441873
0.0597348
0.0567224
0.0551228
0.0500507
0.0509208
0.0541377
0.051486
0.0483201
0.0507363
0.057383
0.0451165
0.046152
0.0436145
0.0469163
0.0631732
0.0580284
0.0522121
0.0478501
0.0494132
0.04474
0.0422831
0.0460122
0.0482711
0.0497765
0.0521192
0.0493867
0.0472695
0.0499189
0.0465793
0.0536944
0.0456278
0.0555488
0.0476956
0.0492386
0.0456549
0.0508521
0.0556725
0.0585976
0.0455588
0.0539472
0.0491907
0.0528442
0.053972
0.0448061
0.04798
0.0453556
0.0472461
0.0498613
0.0478576
0.0529257
0.0484729
0.0450336
0.0466037
0.0454735
0.0447116
0.0509825
0.047372
0.0483743
0.0519661
0.0469439
0.0532996
0.0474863
0.0419375
0.0386842
0.0513916
0.0476175
0.0436634
0.0432848
0.0458549
0.0414985
0.0477209
0.0465955
0.0444655
0.0422915
0.0432008
0.0403261
0.042571
0.0381067
0.0382142
0.0401938
0.0423414
0.0392494
0.0405135
0.0387837
0.0495392
0.0460458
0.0419693
0.0429193
0.0407364
0.0442431
0.0381414
0.0469875
0.0415131
0.0405819
0.0425271
0.0432149
0.0362428
0.0379391
0.0379434
0.0392763
0.0455386
0.045065
0.0211665
0.0232584
0.0204431
0.0253289
0.0236024
0.0261657
0.0206524
0.0252856
0.0224067
0.0228566
0.0252677
0.0290004
0.024693
0.0287948
0.0250072
0.0321182
0.0309591
0.0399578
0.0372801
0.0386698
0.0344066
0.0382239
0.0409173
0.0387947
0.0307042
0.0349817
0.0449966
0.0381954
0.0398282
0.0366848
0.0375519
0.0396555
0.04149
0.044446
0.0400114
0.0428901
0.0400027
0.0440235
0.0426343
0.0363721
0.041686
0.0455308
0.0426123
0.0404371
0.0424968
0.0385458
0.0378188
0.045004
0.04289
0.045075
0.0435754
0.0391697
0.0394804
0.0395331
0.0385105
0.0374089
0.0349854
0.0352219
0.0403453
0.0468363
0.0372796
0.0381235
0.0400918
0.0414068
0.0369581
0.0365971
0.0447104
0.0443254
0.042207
0.0428426
0.0405323
0.0394194
0.0380317
0.0453449
0.0416474
0.043789
0.0381753
0.0385462
0.04047
0.0418529
0.0422294
0.0422974
0.0428718
0.0391818
0.0427711
0.0360418
0.0400338
0.0422016
0.0327664
0.0379347
0.0361557
0.0393579
0.037813
0.0363398
0.0426773
0.042038
0.0453647
0.0385231
0.0426522
0.0478334
0.0410247
0.0393437
0.0371659
0.0431696
0.0437393
0.0430353
0.0398376
0.0402519
0.0433794
0.0446624
0.0431453
0.0392418
0.0405811
0.0441133
0.0426845
0.0431286
0.0444119
0.0384785
0.0404969
0.0406504
0.0440542
0.0478505
0.0481464
0.0435443
0.0423598
0.039932
0.0464391
0.0459732
0.0434362
0.0439665
0.0444165
0.0468304
0.040922
0.0417808
0.0413319
0.0411017
0.0411958
0.0360265
0.0442876
0.0509793
0.0471244
0.0368909
0.0390498
0.0395714
0.0383413
0.0408896
0.0463175
0.037871
0.0420478
0.0415322
0.0396848
0.038779
0.0404814
0.0459662
0.044821
0.0480838
0.0437827
0.043881
0.0423353
0.0392704
0.0464706
0.0429277
0.044677
0.0427728
0.0398057
0.0426429
0.046559
0.0433094
0.044331
0.0450156
0.0444897
0.0424672
0.043344
0.0398945
0.043464
0.0412151
0.0466152
0.0455299
0.0501955
0.0461658
0.051808
0.0433487
0.0502968
0.066597
0.0507986
0.0485652
0.0500674
0.0431275
0.0446459
0.0451557
0.0455508
0.0469355
0.0504754
0.0430771
0.0518459
0.0488725
0.0491052
0.0523455
0.048805
0.0581874
0.0533951
0.0423336
0.0441739
0.0454498
0.0500129
0.0501712
0.0517982
0.0549275
0.0557768
0.0542831
0.0439255
0.0423418
0.0629622
0.0532134
0.0534078
0.0510309
0.0459942
0.0475274
0.0485204
0.0485299
0.0543857
0.0485503
0.0562461
0.050505
0.0535113
0.0549641
0.0553121
0.0522671
0.0507866
0.0498489
0.0487577
0.0495091
0.0560131
0.0475653
0.0502617
0.046263
0.0475121
0.0495185
0.0517105
0.0525251
0.0527872
0.0540265
0.0607671
0.0531828
0.0510926
0.0506668
0.0527171
0.0549489
0.0635052
0.0526143
0.0510762
0.0598328
0.0525978
0.0499938
0.0498369
0.0548465
0.0502285
0.0596951
0.057326
0.0509534
0.0558305
0.0636195
0.0535679
0.0488562
0.0515276
0.0495634
0.0528509
0.058598
0.0528475
0.0515785
0.0536205
0.0482994
0.0520772
0.0542808
0.053769
0.0470582
0.0507289
0.0512577
0.0463577
0.0450138
0.0562121
0.0587797
0.0573151
0.0548138
0.0513299
0.0509276
0.0521058
0.0529318
0.0491389
0.049342
0.0472317
0.0447017
0.0520739
0.0613876
0.0574622
0.052733
0.04822
0.0516471
0.053403
0.0542526
0.0522256
0.0527268
0.0552104
0.0504387
0.0482345
0.0547869
0.0519941
0.0490692
0.0576459
0.0536456
0.0514661
0.0557107
0.0562608
0.0510378
0.0498496
0.051673
0.0518002
0.0533444
0.0542281
0.0517787
0.0529397
0.0504075
0.0444815
0.0565065
0.0531336
0.0570825
0.0527873
0.054558
0.0589638
0.0563138
0.0494837
0.0621714
0.0511047
0.0550811
0.0536324
0.0499149
0.0482564
0.0507047
0.0540227
0.0563262
0.052449
0.0545581
0.0502127
0.0528473
0.0480072
0.053834
0.0434453
0.057162
0.0431703
0.0504361
0.0489644
0.050321
0.0510075
0.0496643
0.0474838
0.0464335
0.0567773
0.0559049
0.0551236
0.054511
0.0480393
0.0476222
0.0550239
0.0547871
0.0576338
0.0471656
0.059329
0.0585132
0.0551494
0.0531195
0.0565578
0.0551723
0.0615801
0.0522174
0.0601941
0.0551715
0.0638882
0.0548897
0.0558027
0.0556584
0.0580405
0.0529912
0.0526686
0.0532606
0.0567237
0.0639294
0.0556034
0.0556013
0.0542184
0.0564665
0.0552084
0.0551977
0.0569113
0.0524527
0.0537769
0.0564865
0.0573537
0.0584913
0.0612527
0.0528158
0.0563597
0.0562871
0.0614441
0.0518099
0.0505651
0.056086
0.0516802
0.0546311
0.0479876
0.0499554
0.0525938
0.0509237
0.0540028
0.0503087
0.0467373
0.0482653
0.0463029
0.0572185
0.0533807
0.0468269
0.0553355
0.0537865
0.0514653
0.049958
0.0450257
0.0510079
0.0527685
0.0431449
0.0480181
0.0449791
0.0547332
0.0495058
0.0480751
0.0516047
0.0475813
0.0487943
0.0563033
0.0455604
0.0546168
0.0515115
0.0505936
0.055686
0.0582527
0.0592099
0.0572143
0.0528142
0.0537846
0.0612626
0.0586672
0.0574082
0.0509173
0.0560853
0.0580184
0.0552823
0.0509009
0.0524279
0.0530302
0.0554625
0.0471883
0.0554661
0.0565223
0.0540615
0.0532866
0.0495218
0.0539891
0.0528449
0.0529022
0.0529855
0.0562733
0.0563177
0.0497476
0.0534325
0.0506951
0.0488664
0.0459017
0.0514823
0.0462231
0.0557203
0.0496821
0.0540836
0.0565594
0.0558891
0.0451142
0.0463459
0.0505383
0.0552444
0.0525211
0.0475019
0.048054
0.0523803
0.0597298
0.0595188
0.0517153
0.0446941
0.0548906
0.0563238
0.0541397
0.053294
0.0433334
0.0509916
0.0485386
0.0528382
0.0590685
0.0518023
0.0490065
0.0527686
0.0579504
0.0565228
0.0436507
0.0563676
0.0529719
0.0522985
0.0523613
0.0547508
0.0577778
0.0618218
0.0541318
0.0530253
0.0507051
0.0526039
0.0522333
0.0490097
0.0533124
0.0444484
0.0507664
0.0521432
0.0539056
0.0467373
0.0537578
0.0495341
0.0422838
0.0623542
0.0517791
0.0556734
0.0582533
0.0527619
0.0485167
0.0504976
0.0491911
0.05564
0.0572195
0.0500185
0.047891
0.0470892
0.0449531
0.0508104
0.0486585
0.0493988
0.0530238
0.0534868
0.0559062
0.0465915
0.0466985
0.0495469
0.0653701
0.0483332
0.0494593
0.0425947
0.0458791
0.052903
0.0559743
0.0492811
0.0462487
0.0528878
0.0537423
0.0534144
0.0504507
0.0512111
0.0541886
0.0558055
0.0489499
0.0517643
0.0498955
0.0493338
0.0513161
0.0494971
0.0456936
0.0428165
0.0464097
0.0546989
0.0575778
0.0501067
0.0519571
0.0461154
0.0546402
0.0529944
0.0480917
0.048979
0.0538578
0.0499834
0.059136
0.0548733
0.0449023
0.0539803
0.0461376
0.0474614
0.0500567
0.0529263
0.0504787
0.0521862
0.0486716
0.0588189
0.060283
0.0521748
0.0477747
0.0536513
0.0541424
0.0468661
0.0594648
0.0544772
0.0507182
0.05894
0.0549968
0.0534027
0.0474632
0.0480246
0.0504301
0.0502411
0.0538897
0.0513551
0.0509612
0.0545581
0.049557
0.050386
0.0499849
0.0521198
0.0490829
0.0496377
0.0565624
0.0470888
0.0515767
0.0535633
0.0530254
0.0523552
0.04353
0.0505125
0.0531863
0.0439685
0.0462955
0.0518569
0.0479001
0.052587
0.0502753
0.0539385
0.0469162
0.0517468
0.0479434
0.0555133
0.0526603
0.0448707
0.0433978
0.0497358
0.0458376
0.0553916
0.0601462
0.0501838
0.0508846
0.0542625
0.0477248
0.0519586
0.0456395
0.0493689
0.0473561
0.0513586
0.0445592
0.0535988
0.050346
0.0543117
0.0520376
0.0492362
0.0487502
0.0435198
0.0486742
0.0443534
0.0494334
0.050537
0.0484389
0.0493121
0.0493136
0.0643432
0.061914
0.0510118
0.0442235
0.0424938
0.0490342
0.0476676
0.0462394
0.0478158
0.0523233
0.0495783
0.0432144
0.0484162
0.0481708
0.0506389
0.0502595
0.05003
0.0501359
0.0480128
0.0488383
0.0469742
0.0471101
0.0485914
0.0486993
0.0479898
0.0514094
0.0631152
0.0507161
0.0470078
0.0510402
0.0511972
0.047668
0.0455076
0.0495823
0.0470196
0.0490113
0.0446171
0.0519256
0.0455708
0.04847
0.0461637
0.0518741
0.0470613
0.0473233
0.0571535
0.0467333
0.0431577
0.0437268
0.0513887
0.0486703
0.047023
0.047555
0.0508113
0.0450902
0.048087
0.0467481
0.0518517
0.0421373
0.040617
0.0475044
0.0468054
0.0524484
0.0504208
0.0512377
0.0404787
0.0459522
0.0445323
0.0443636
0.045237
0.0445867
0.0451196
0.0384014
0.0443756
0.0519914
0.0466563
0.0464894
0.042037
0.0476683
0.0426885
0.0477018
0.0480404
0.0465869
0.0419459
0.0451816
0.0475093
0.0442604
0.0480446
0.0420215
0.0390307
0.0439704
0.0473933
0.0512014
0.0487942
0.0474587
0.0398537
0.0444792
0.0394703
0.0446657
0.0409186
0.0407422
0.0503793
0.0478756
0.0448906
0.0482557
0.0520876
0.0450256
0.0460254
0.0391304
0.0495532
0.0468549
0.0477015
0.0486726
0.0446332
0.0472666
0.0521826
0.0486984
0.0449164
0.0419938
0.0433152
0.0407688
0.0438574
0.0458091
0.0513461
0.0455751
0.0475999
0.0564563
0.0592919
0.0472338
0.051536
0.0417944
0.0419885
0.0441016
0.0459907
0.0455657
0.0455047
0.0538224
0.0600829
0.0470916
0.0509542
0.0481924
0.0548492
0.0433934
0.0536692
0.0456176
0.0540945
0.0533365
0.0556312
0.0544539
0.0490548
0.0521241
0.0553505
0.0611172
0.0565982
0.0485664
0.0579474
0.0622068
0.0590084
0.0465872
0.0540977
0.055693
0.0535943
0.0575888
0.0515935
0.0538662
0.0636162
0.0555119
0.0533769
0.05995
0.0579392
0.0580647
0.0599605
0.0531841
0.0654055
0.0585634
0.0505427
0.0517308
0.0539988
0.0563388
0.0575048
0.0560202
0.049461
0.0635656
0.0518098
0.0488542
0.0542338
0.05049
0.0569698
0.0529097
0.0473865
0.053513
0.0511635
0.0547765
0.0557344
0.0537877
0.0540419
0.055596
0.0519688
0.0494301
0.0519777
0.0511885
0.0537007
0.0493165
0.0455656
0.0548626
0.0507622
0.0520864
0.0523388
0.0520827
0.0507512
0.0462018
0.0510527
0.0617562
0.0466978
0.050354
0.049348
0.0494959
0.049471
0.047536
0.0479832
0.0524365
0.0613805
0.0484862
0.0474963
0.0445554
0.0490843
0.0522792
0.0506152
0.0527211
0.0512347
0.0482816
0.0501882
0.0476173
0.0514103
0.0528407
0.051463
0.0590077
0.0496868
0.0522312
0.0563836
0.0556582
0.052262
0.0528156
0.0521685
0.053293
0.0521612
0.0509681
0.0493312
0.0511088
0.0532267
0.0540156
0.0530409
0.0469403
0.0513497
0.0458604
0.0408418
0.0444311
0.0427664
0.0466889
0.0422888
0.044028
0.0408659
0.0474862
0.0412949
0.0434074
0.0382486
0.0442045
0.0312625
0.0418466
0.0340471
0.036822
0.0304874
0.0371969
0.0302347
0.0324963
0.0301491
0.0312817
0.0326857
0.0331766
0.0277276
0.0329083
0.0356918
0.0304725
0.0320588
0.0305592
0.0306682
0.0359672
0.0315698
0.0233143
0.0335631
0.0309814
0.0290859
0.0297002
0.0334578
0.0307413
0.0268866
0.0335941
0.03651
0.0312942
0.0292704
0.0294361
0.0288426
0.0270582
0.0387768
0.0375531
0.0334254
0.0344734
0.0325557
0.0306562
0.0342351
0.0337599
0.0359768
0.0343825
0.034321
0.0408359
0.0337095
0.0322452
0.0352288
0.043261
0.038297
0.0382996
0.0392613
0.036519
0.0333269
0.0374959
0.0373242
0.0377532
0.0459933
0.0404511
0.040397
0.0395856
0.0404827
0.0431771
0.0378867
0.0416981
0.0388439
0.0442112
0.0456545
0.0401736
0.0426012
0.0422512
0.0397556
0.0372864
0.0369782
0.0422708
0.0442124
0.0443747
0.0375536
0.0377364
0.0405055
0.0427794
0.0417661
0.0414451
0.0430829
0.0377722
0.0429294
0.0464174
0.0418716
0.0415532
0.0464544
0.0460312
0.0460543
0.0416527
0.0408658
0.0400792
0.045853
0.047442
0.0422634
0.0420325
0.0449664
0.0390942
0.0389538
0.0423916
0.0424982
0.0439706
0.0372405
0.0396568
0.040355
0.0411004
0.0355964
0.0437153
0.0381187
0.0413592
0.0374928
0.0408291
0.0358592
0.0422826
0.0390154
0.0381419
0.0399658
0.0409542
0.0423031
0.0504089
0.0441392
0.0394641
0.0394623
0.0364913
0.0356206
0.0417689
0.0384803
0.0370743
0.0420244
0.0324689
0.0421061
0.0400633
0.0494485
0.0391753
0.0435184
0.0448164
0.0385512
0.0382249
0.0418065
0.0340348
0.0366646
0.0388732
0.0402869
0.0407059
0.0403255
0.0341439
0.0348644
0.0418072
0.042504
0.041311
0.039089
0.038172
0.0323056
0.0372135
0.0356855
0.0338088
0.0372
0.0406435
0.036316
0.0382249
0.0348682
0.0340345
0.0382649
0.0338753
0.0348576
0.0346567
0.0415014
0.0397675
0.0418887
0.0406625
0.0377493
0.0448392
0.0400283
0.0389442
0.0387992
0.0309169
0.0354419
0.0409392
0.0384285
0.0379906
0.0372365
0.0358533
0.0404461
0.0410673
0.0392165
0.0359561
0.0352222
0.039478
0.0392948
0.0370819
0.036645
0.0377998
0.0363463
0.0332478
0.0310865
0.0387681
0.0322835
0.0350237
0.0371702
0.0371155
0.0385391
0.0371645
0.0351058
0.0400961
0.0419983
0.0386399
0.0374352
0.0357394
0.035457
0.0376481
0.0342876
0.0351316
0.0356006
0.0401387
0.0367691
0.0428756
0.0409637
0.0394476
0.0385153
0.0444227
0.0418612
0.0402715
0.0404202
0.0521089
0.0427108
0.044227
0.0392249
0.0422334
0.0396513
0.0406432
0.0386341
0.0443932
0.0441611
0.0396409
0.0470409
0.0461364
0.0468402
0.0467222
0.0436974
0.0488222
0.0413591
0.0440129
0.0396606
0.0423569
0.0407929
0.0414691
0.0474949
0.0456002
0.0413031
0.0410241
0.0458883
0.0476807
0.0449459
0.0459075
0.0506475
0.0430493
0.0408981
0.0414534
0.040525
0.0467531
0.0405899
0.0427693
0.0458029
0.0441159
0.0493642
0.0545953
0.0480064
0.0470926
0.0449683
0.0440051
0.0448818
0.0446789
0.0423859
0.0462479
0.0428341
0.0429032
0.0523105
0.0498818
0.0452646
0.0445308
0.0448365
0.0462034
0.0485034
0.0467193
0.0501633
0.050855
0.0510017
0.0461381
0.0492937
0.0491814
0.0434816
0.045186
0.0495289
0.0554593
0.0461906
0.0500649
0.0579046
0.0541189
0.0470392
0.0544628
0.0494284
0.0530414
0.0524899
0.0564475
0.0549433
0.0505208
0.0542761
0.0507885
0.0532326
0.0525043
0.0528489
0.0441603
0.0459838
0.0539437
0.0532716
0.0613616
0.0475811
0.054448
0.0584044
0.0449881
0.0531168
0.0421716
0.0502611
0.0511625
0.0481172
0.0447262
0.0416872
0.0577356
0.0462155
0.0532445
0.044525
0.0424766
0.0423382
0.0436375
0.0444888
0.0451166
0.0456318
0.0444608
0.0489221
0.0450137
0.0407298
0.0539046
0.0494695
0.0437313
0.0454361
0.0462759
0.0448973
0.0457786
0.0474151
0.0503309
0.0463937
0.0507469
0.0522938
0.050008
0.0494821
0.0472451
0.0467645
0.0466822
0.0439184
0.0464017
0.0533789
0.0456901
0.0474148
0.0442778
0.0467913
0.0492739
0.0510496
0.0496701
0.0463828
0.0446697
0.0411765
0.0431199
0.0479483
0.0473343
0.049205
0.0447029
0.0439151
0.0480349
0.0434934
0.0411571
0.0441811
0.0414547
0.0491323
0.053422
0.0538271
0.0406696
0.0432535
0.0495954
0.0447701
0.0433181
0.0444231
0.0458826
0.0434317
0.0496138
0.0441669
0.0435577
0.050217
0.0521351
0.0425962
0.0465566
0.0512027
0.0424671
0.049914
0.0432916
0.0414851
0.043912
0.0439812
0.0481403
0.0483705
0.0429275
0.0449847
0.0552904
0.0489023
0.0496911
0.0437947
0.0442279
0.0452746
0.0451782
0.0403206
0.0446741
0.0464255
0.0531545
0.0513331
0.0464328
0.0407387
0.0481555
0.0418234
0.0424144
0.0433605
0.0423202
0.0417736
0.0451091
0.0540222
0.0502007
0.0492949
0.0467172
0.0424793
0.0493894
0.0514016
0.045339
0.0506543
0.0547739
0.04793
0.0547671
0.0523326
0.0522039
0.0477828
0.0466529
0.0477954
0.0465381
0.0511197
0.0496567
0.0481119
0.0475276
0.05105
0.0514483
0.050433
0.0507478
0.0490775
0.0474236
0.0469735
0.0472595
0.0487082
0.0443068
0.0489126
0.0476554
0.0500242
0.0438578
0.0443828
0.0474822
0.0467987
0.0478189
0.048113
0.0449611
0.0446436
0.0480419
0.0509788
0.0485432
0.0503687
0.0489017
0.0462602
0.0440965
0.0510694
0.0460613
0.0426327
0.0465588
0.0442752
0.0470482
0.0442477
0.0528511
0.0531126
0.0446301
0.0493003
0.0515483
0.0486275
0.0491409
0.0485614
0.0432128
0.0435502
0.0474702
0.0489287
0.0478358
0.0454036
0.0521161
0.0445522
0.0484298
0.0463446
0.0421561
0.0404036
0.0424345
0.0484812
0.0458069
0.0461347
0.0449095
0.0424095
0.0439682
0.0417704
0.038621
0.0451246
0.0422981
0.0439944
0.04609
0.0451369
0.0459599
0.044604
0.0447437
0.0431503
0.0364058
0.0332246
0.0383377
0.0404047
0.036977
0.0337333
0.0429394
0.0345241
0.0396405
0.0321775
0.0430569
0.0360701
0.0450197
0.0427506
0.0407658
0.0365886
0.0369689
0.051234
0.0360207
0.0414537
0.0403628
0.0404205
0.0351891
0.0382491
0.0389161
0.0444751
0.043595
0.0397998
0.0430016
0.0449054
0.0462375
0.0447034
0.0468733
0.0490772
0.0499712
0.0459515
0.0500301
0.0438076
0.0516717
0.0439815
0.0457678
0.0481072
0.0466866
0.0470704
0.0457113
0.0498351
0.0505895
0.0553609
0.0505579
0.046818
0.044142
0.0518764
0.050795
0.05317
0.0463812
0.0500939
0.0404387
0.0490029
0.0518739
0.0498671
0.0524014
0.0507994
0.0453809
0.0471244
0.0541409
0.0506552
0.0491808
0.0406293
0.0480615
0.0463806
0.0447814
0.0627079
0.0440505
0.0537469
0.0549896
0.0473505
0.0604715
0.0520677
0.0475484
0.0543946
0.0467887
0.0472448
0.0499894
0.0464284
0.0528019
0.045074
0.0615158
0.0612653
0.0534142
0.0579198
0.0454651
0.054127
0.0520563
0.0463532
0.0544097
0.0508909
0.057588
0.0457964
0.0536471
0.0537168
0.0488539
0.0581782
0.0527748
0.0554772
0.0530622
0.0516418
0.0529469
0.0539521
0.0518567
0.0478521
0.0540903
0.055895
0.0511833
0.0551822
0.0556188
0.0477183
0.050214
0.0452186
0.0506195
0.0512557
0.0521144
0.0502497
0.0533693
0.0481895
0.044172
0.0469512
0.0499191
0.0552626
0.0438623
0.0527842
0.0542344
0.0524971
0.0584493
0.0477774
0.0549847
0.0526365
0.0575118
0.0552917
0.0489767
0.0534873
0.0497702
0.0497384
0.0467544
0.0578157
0.0581833
0.0500378
0.0567361
0.0530807
0.0469015
0.0512718
0.0467003
0.0529395
0.0483257
0.0475424
0.0503622
0.0499625
0.0513912
0.0492653
0.0539466
0.0479935
0.046657
0.0496622
0.0519049
0.0484375
0.0462629
0.054837
0.0418856
0.0506602
0.0470424
0.0478266
0.045437
0.0436453
0.0450731
0.0512845
0.0497059
0.0476898
0.043204
0.0456308
0.0480792
0.0493741
0.048786
0.0521544
0.0425088
0.0515793
0.0537868
0.0616728
0.053273
0.0457737
0.0532759
0.0582501
0.0546735
0.0474591
0.0508164
0.0561118
0.0508762
0.0651853
0.0599274
0.0477262
0.0541705
0.0622306
0.0582298
0.0520602
0.0556159
0.0511049
0.0519543
0.0483261
0.0456225
0.0450419
0.0469275
0.0436172
0.0465761
0.0731366
0.0519767
0.0532532
0.0484913
0.0385666
0.0558084
0.0400333
0.0475028
0.0371621
0.0382671
0.0368556
0.0418116
0.0375562
0.0435628
0.0423465
0.0452615
0.0441876
0.0445822
0.0388331
0.0379191
0.0442169
0.0393222
0.0370115
0.0405558
0.0419874
0.0469372
0.0471222
0.0497738
0.0528042
0.0557213
0.0548589
0.0526867
0.0585052
0.0574993
0.0574806
0.054813
0.0538689
0.0553755
0.0582065
0.0525878
0.0520077
0.0529408
0.0568807
0.0517863
0.0493664
0.0517132
0.0551667
0.0552364
0.0603888
0.0565924
0.0546968
0.0582675
0.0549964
0.0538816
0.0581842
0.05518
0.0477932
0.057003
0.0508316
0.0545679
0.0532511
0.0616156
0.0553871
0.0571493
0.0552744
0.0607172
0.0511387
0.0825163
0.0552995
0.0623452
0.0549536
0.0565927
0.0572244
0.0620331
0.0770835
0.0632439
0.0609449
0.0667608
0.0645156
0.0672042
0.0624652
0.0633171
0.0718877
0.0672264
0.0625079
0.0647279
0.0797968
0.0597247
0.0662963
0.0753618
0.0714277
0.0596096
0.0564934
0.0708648
0.0662297
0.0585436
0.0605479
0.0660364
0.0666041
0.0609977
0.0615068
0.0693296
0.0595861
0.0604408
0.0600498
0.0659548
0.0769756
0.062425
0.0563071
0.0556562
0.0630819
0.064493
0.0580994
0.0650722
0.0550211
0.0499638
0.0514658
0.0561386
0.0571218
0.0541054
0.0584743
0.0627503
0.0568799
0.0484041
0.0513766
0.0542726
0.0519703
0.0517059
0.0583455
0.0568396
0.049916
0.0540845
0.0573383
0.0628101
0.052339
0.0513322
0.0603646
0.0518795
0.0490495
0.052017
0.0535377
0.0489736
0.061459
0.0553019
0.052386
0.0546085
0.0626405
0.0531104
0.0578075
0.0604697
0.0552586
0.0575243
0.0532269
0.0561822
0.0499299
0.0570837
0.0569966
0.05322
0.0494416
0.0567372
0.0533064
0.0561865
0.0541454
0.0557437
0.059982
0.0504833
0.0539285
0.0558975
0.0589647
0.0564772
0.0570465
0.0519772
0.0583461
0.0508712
0.0535677
0.0553279
0.0544027
0.0532689
0.0573304
0.059277
0.0556865
0.0555535
0.0562851
0.0575297
0.0675635
0.0530613
0.0500816
0.0514406
0.056957
0.0551854
0.0579879
0.053966
0.053248
0.0651105
0.0599845
0.0589961
0.0550009
0.0513078
0.0678419
0.0547889
0.0506205
0.0601436
0.0505391
0.0553621
0.0561648
0.0554585
0.0585866
0.0544256
0.0623354
0.055334
0.0554262
0.0625822
0.0531851
0.0555219
0.0603693
0.0501942
0.0542427
0.0595894
0.0578646
0.055409
0.0580805
0.0563719
0.0566468
0.0682011
0.0648021
0.0632228
0.0621385
0.0610421
0.0585184
0.0661697
0.0610828
0.0608563
0.0622054
0.0535724
0.0574522
0.063933
0.0654908
0.0637857
0.0574261
0.0556234
0.0582833
0.0642888
0.0569508
0.0552029
0.0584402
0.0516611
0.0552584
0.0529794
0.0566345
0.0572323
0.0532341
0.0607999
0.0586942
0.0567584
0.0534552
0.052808
0.0557774
0.0536985
0.0568587
0.0509276
0.0502928
0.057321
0.0583432
0.0599001
0.0632751
0.0555588
0.050138
0.0613959
0.0684482
0.0590761
0.0563912
0.0589962
0.0551217
0.0590107
0.0569953
0.052597
0.0588785
0.0586792
0.0574399
0.0514282
0.052371
0.0524208
0.060388
0.0527191
0.0559622
0.0598726
0.0541019
0.051111
0.0538845
0.0570569
0.0532242
0.0605088
0.053385
0.0593771
0.0521216
0.0497372
0.0538916
0.0599765
0.0560969
0.0548462
0.052142
0.0523593
0.052582
0.0566235
0.0508499
0.0542437
0.055374
0.0485141
0.0533954
0.053849
0.0517869
0.0575558
0.0568986
0.0574723
0.0537299
0.0558376
0.0580189
0.0570436
0.0586685
0.0657103
0.0548577
0.0556761
0.0496788
0.0514129
0.057841
0.0577178
0.055601
0.0562598
0.0531912
0.0587969
0.0538816
0.0525937
0.0569854
0.0493976
0.0556533
0.0538222
0.0498156
0.0562238
0.0538259
0.0573358
0.0507229
0.0503721
0.0538498
0.0482072
0.0546918
0.0495818
0.0499124
0.0570422
0.0534198
0.0559274
0.0531773
0.0518841
0.0655743
0.0608378
0.0604289
0.0664104
0.0567275
0.0518943
0.0537944
0.0574012
0.0546591
0.0571909
0.0532656
0.0584969
0.0515971
0.0505555
0.0529139
0.0587486
0.0513838
0.0578766
0.0551771
0.0522259
0.055493
0.0526767
0.0523372
0.0534591
0.0458754
0.0515565
0.0490354
0.049951
0.0498612
0.0532385
0.0549145
0.0529764
0.0552357
0.0795003
0.0568179
0.055578
0.0530091
0.058447
0.0586752
0.0562601
0.0511417
0.057173
0.0505991
0.0563868
0.0575005
0.0520213
0.0529624
0.0545573
0.0580521
0.054341
0.0602297
0.0558258
0.053791
0.0581447
0.0588364
0.051373
0.0513801
0.0554469
0.0565163
0.0548823
0.056698
0.0561342
0.0555246
0.0612756
0.0573017
0.0653385
0.0520566
0.0560515
0.0556382
0.0548173
0.0575227
0.0583042
0.0568
0.0641294
0.0544974
0.0514033
0.0578679
0.0576837
0.0656838
0.0569572
0.0597317
0.0546789
0.0591045
0.0615196
0.0617155
0.0720926
0.0763175
0.0582482
0.0591978
0.0608726
0.0626773
0.0580238
0.0602556
0.0637097
0.0626009
0.0625052
0.0631075
0.0544397
0.0569898
0.0573917
0.0579332
0.0611148
0.0616796
0.0621775
0.0559969
0.0574317
0.0614741
0.0667769
0.0697558
0.0678148
0.0686635
0.0604541
0.0648145
0.0621499
0.0645285
0.0666805
0.0673994
0.0719346
0.0629201
0.0603329
0.0601862
0.0574391
0.0608535
0.060658
0.061412
0.0554296
0.0567255
0.0561453
0.0580701
0.0563702
0.0563509
0.0550483
0.0574694
0.0605289
0.0600199
0.0591283
0.0549517
0.056297
0.0624891
0.0557132
0.0517488
0.0561212
0.0594045
0.05651
0.0531026
0.0542149
0.0606695
0.0629727
0.0579729
0.0576845
0.0590475
0.0566205
0.0628094
0.0686919
0.0520705
0.0584392
0.0517715
0.0546245
0.0541338
0.0521174
0.0582916
0.0629194
0.0584062
0.0590709
0.0584931
0.0582862
0.0645637
0.0574442
0.0568305
0.0534391
0.0547913
0.0568589
0.0573726
0.0600224
0.0665441
0.0598609
0.0627409
0.0564132
0.0553792
0.0543839
0.0544561
0.0548713
0.0515904
0.0565952
0.0548878
0.0536907
0.0535066
0.0528463
0.0490099
0.0516618
0.049542
0.0518617
0.0572614
0.0534016
0.0589971
0.0548395
0.056226
0.0555369
0.0531231
0.0540763
0.0502016
0.0540494
0.054407
0.0511406
0.0577275
0.0545704
0.054265
0.051708
0.0552357
0.0502133
0.0518968
0.051656
0.0533266
0.0551962
0.0557535
0.0623158
0.0530859
0.0549299
0.0566118
0.0544083
0.0547223
0.0524851
0.0530532
0.054183
0.0529246
0.057927
0.0524721
0.0538079
0.0579043
0.0576831
0.0632126
0.0546256
0.0564768
0.0530965
0.052276
0.0571686
0.0566074
0.0499706
0.0537522
0.0575883
0.0583152
0.0531686
0.0592316
0.0578449
0.0557604
0.0531562
0.0603451
0.0610921
0.0555336
0.0631128
0.0635316
0.0634348
0.0586775
0.0510997
0.0547083
0.0528046
0.0714543
0.0631536
0.060604
0.0614693
0.0553425
0.0581887
0.0560673
0.056811
0.0585934
0.0571228
0.0610672
0.0581896
0.0607971
0.0612665
0.0570628
0.0534801
0.0587983
0.0570557
0.0557262
0.0620848
0.0593747
0.0573862
0.0493746
0.0560412
0.056904
0.0544427
0.0542172
0.057367
0.0541125
0.05524
0.0602572
0.0593283
0.0591641
0.0581165
0.0648245
0.0598635
0.0587818
0.0639983
0.0581195
0.0596403
0.0598779
0.0594143
0.0635227
0.0627778
0.0529204
0.059885
0.055313
0.0533421
0.0531802
0.0645654
0.0580835
0.0532839
0.0560644
0.0546335
0.0542633
0.0533092
0.0537757
0.0519534
0.0611393
0.0494293
0.0528274
0.047462
0.048901
0.0552973
0.0512523
0.0515838
0.0487159
0.0441225
0.0525053
0.0531982
0.0506259
0.0516195
0.0523288
0.0508229
0.0508963
0.0498723
0.0499311
0.0429605
0.0483814
0.0467541
0.0457005
0.0474562
0.053529
0.0475698
0.0480294
0.0449903
0.047288
0.0518149
0.0484923
0.0474087
0.04906
0.0523086
0.0498454
0.0491134
0.0483366
0.050996
0.0451229
0.0548842
0.0526302
0.0488921
0.0528261
0.045255
0.0492224
0.0483982
0.056516
0.0497672
0.0513383
0.0500978
0.0449203
0.0544795
0.0549788
0.0563521
0.0491413
0.0490032
0.0474892
0.0511351
0.0539727
0.046035
0.0476166
0.0505546
0.050663
0.0499139
0.046043
0.0470051
0.0511248
0.050727
0.0543426
