0.0409421
0.0540397
0.0460475
0.0457204
0.0432402
0.0394883
0.0391297
0.0383452
0.0386078
0.0376065
0.0383435
0.176513
0.0758984
0.0489112
0.0473077
0.0483161
0.0461022
0.046647
0.0483402
0.0449648
0.046971
0.0482716
0.0516101
0.050454
0.0526539
0.0494165
0.0448049
0.0520632
0.051802
0.0584408
0.0527653
0.0482611
0.0429176
0.0497937
0.049415
0.0519089
0.0499764
0.0499098
0.0530632
0.0501711
0.0499942
0.0496492
0.0501873
0.0458618
0.0486326
0.0431653
0.0521546
0.0464841
0.0493419
0.0458386
0.0501214
0.0504526
0.0495707
0.0450263
0.0512159
0.0469037
0.049317
0.0479279
0.0522865
0.0446704
0.0513373
0.0427371
0.0504906
0.0513617
0.0460467
0.0444417
0.0507122
0.0482553
0.0516965
0.0448439
0.0458987
0.0528576
0.0514823
0.0443225
0.0497848
0.0527514
0.0419477
0.0480881
0.0552169
0.0482908
0.0429065
0.0482342
0.0467268
0.0519166
0.0451165
0.046548
0.0537027
0.0518743
0.052435
0.048433
0.050534
0.0501083
0.0492973
0.0503209
0.050919
0.0483065
0.0540826
0.0466508
0.046471
0.0462245
0.0483538
0.0472632
0.0489703
0.0431636
0.0427947
0.0471205
0.0526879
0.0412664
0.0449682
0.0499316
0.0534591
0.0507407
0.0496083
0.0509701
0.046547
0.0447412
0.0483745
0.0508745
0.0531689
0.0516393
0.047704
0.0460385
0.0440714
0.0518628
0.0477358
0.0444895
0.0508941
0.0499779
0.0469348
0.0449742
0.0444783
0.0471554
0.0503309
0.0475331
0.0482333
0.0477343
0.0502322
0.0472004
0.0478972
0.0487011
0.0476275
0.0497255
0.0458175
0.0455914
0.0434516
0.0417429
0.0482082
0.0439462
0.045599
0.050459
0.0441859
0.0425021
0.0515692
0.0422858
0.0470261
0.0438359
0.0454205
0.045636
0.0440498
0.0465591
0.0465535
0.0438836
0.0419035
0.0425538
0.0473418
0.0438671
0.0443443
0.0442961
0.0428784
0.0512485
0.0429474
0.0463086
0.0453383
0.0456453
0.0479875
0.05654
0.0469802
0.0425279
0.0483949
0.0425068
0.0454558
0.0467626
0.0492235
0.0454127
0.0513522
0.0452311
0.0401775
0.0588622
0.054883
0.0480281
0.0526674
0.051163
0.0472554
0.0448343
0.0581219
0.0500968
0.0446042
0.0458268
0.0422971
0.0444071
0.0416439
0.05215
0.0451949
0.0440438
0.0464047
0.0496854
0.0503828
0.0529058
0.0470762
0.0439008
0.0446614
0.0522748
0.0508555
0.0526922
0.0534191
0.0479702
0.0560363
0.0570779
0.0474169
0.0465082
0.0495736
0.050855
0.04452
0.054809
0.0471503
0.0528039
0.0542957
0.0475119
0.0482126
0.0439506
0.0466015
0.0472325
0.0432558
0.0411603
0.0460842
0.0478333
0.0488927
0.0452251
0.0460183
0.0437911
0.0432629
0.0465143
0.0438983
0.0466958
0.0453187
0.0415307
0.0447978
0.0463181
0.0442233
0.0394444
0.0428716
0.0439575
0.0393072
0.0459426
0.0484272
0.0454336
0.0398295
0.0412486
0.0403952
0.0413419
0.040404
0.0492306
0.043478
0.0483692
0.0505129
0.0477753
0.0415809
0.048881
0.045453
0.0478729
0.0478408
0.0443411
0.0430774
0.0439971
0.0484593
0.0450922
0.0514533
0.052337
0.0512366
0.0527877
0.0494417
0.0438687
0.051455
0.0439795
0.0456171
0.0453162
0.0433876
0.0425276
0.0431691
0.0445753
0.0465108
0.044265
0.0536025
0.0488424
0.0469002
0.0522789
0.0509538
0.0532543
0.0448918
0.0485368
0.0480048
0.0515532
0.0607953
0.0546517
0.0717978
0.0694579
0.053361
0.0533932
0.048563
0.0478872
0.0505668
0.0577776
0.054786
0.0493499
0.0715887
0.053392
0.0504273
0.0492956
0.0472421
0.0558061
0.043599
0.0431977
0.0464608
0.0457512
0.0508642
0.0482773
0.0464166
0.0468542
0.0441639
0.0454232
0.0421719
0.0447033
0.0425181
0.0463389
0.0482186
0.0467801
0.0478852
0.0447614
0.0443587
0.0502395
0.0443363
0.0397131
0.045727
0.0366083
0.0381746
0.043632
0.0436907
0.0434382
0.0458446
0.044503
0.0389364
0.0390606
0.0426878
0.0414838
0.039992
0.0474062
0.0431477
0.0428023
0.0462612
0.0465523
0.0496888
0.0459093
0.0472717
0.0538641
0.0524788
0.0436686
0.0509065
0.0444474
0.0463548
0.0529245
0.0480036
0.0422638
0.0407336
0.0411617
0.0485003
0.0591587
0.0453076
0.0448672
0.0434731
0.0414267
0.05561
0.0405558
0.0399894
0.0411901
0.0407113
0.0501136
0.0387103
0.0485517
0.0411102
0.044449
0.0403719
0.0547788
0.0567125
0.0449624
0.0496172
0.0468014
0.0439866
0.0497078
0.0475524
0.042996
0.0472001
0.0480696
0.055452
0.0630308
0.0456108
0.0462932
0.0493237
0.0428057
0.0517805
0.0436523
0.0523049
0.0487857
0.0381114
0.0567029
0.0520825
0.0519955
0.048761
0.0452427
0.0573827
0.0437504
0.0506363
0.0462462
0.0441275
0.0540856
0.0491285
0.0510983
0.0466541
0.0497074
0.0454708
0.0465866
0.0472744
0.0509246
0.0497886
0.0480641
0.0464004
0.0567254
0.0495187
0.0519143
0.0399358
0.0475505
0.0461303
0.0475723
0.047135
0.0404625
0.0457876
0.0419477
0.0417419
0.0466886
0.0441886
0.0477703
0.0447794
0.0463312
0.0380511
0.0427665
0.0394669
0.0448927
0.0397663
0.0405373
0.0419494
0.0402433
0.043149
0.0395349
0.0380955
0.0386356
0.0343316
0.0429753
0.044668
0.0444043
0.0399551
0.047129
0.0418922
0.0461727
0.0449783
0.0424439
0.0404206
0.0420147
0.0425236
0.0397147
0.0436015
0.037812
0.0393701
0.0392661
0.0426758
0.039014
0.0552243
0.0458533
0.0450864
0.0439155
0.0407388
0.0385944
0.041425
0.0412209
0.0438504
0.0412035
0.0384351
0.0435166
0.0481496
0.0473754
0.0481277
0.049494
0.0491047
0.0519397
0.0501082
0.0462327
0.0421541
0.042773
0.0473097
0.0478962
0.0451687
0.0447749
0.0457477
0.0530431
0.0504224
0.0442502
0.044333
0.0530891
0.0481885
0.0723876
0.0433211
0.0465356
0.0420865
0.0407506
0.0412014
0.0492314
0.0411874
0.045244
0.0433424
0.0423011
0.0393828
0.0430147
0.0431049
0.0451894
0.0418428
0.0434142
0.0462935
0.0406629
0.0433974
0.0423006
0.0420916
0.041339
0.0463587
0.0572136
0.0481038
0.0449855
0.0489846
0.0451488
0.0495157
0.0458834
0.0477736
0.0423107
0.0425029
0.0455059
0.0465768
0.048652
0.0478837
0.047775
0.0411053
0.0499957
0.0505832
0.0512107
0.0519123
0.0519485
0.0560356
0.0462774
0.0491875
0.0501638
0.0455344
0.0473941
0.0452767
0.0462876
0.0552184
0.0441525
0.0447255
0.0481093
0.0495995
0.0537959
0.0509362
0.047225
0.0406106
0.0513514
0.0453585
0.0458882
0.0463732
0.0448401
0.0428549
0.0426306
0.0509312
0.061383
0.05276
0.0534071
0.0519547
0.0411307
0.0414021
0.0491876
0.0487471
0.0464257
0.0459547
0.045333
0.0462182
0.0465106
0.0490881
0.0496473
0.0456138
0.0502127
0.0422298
0.0477905
0.0480534
0.0443558
0.0442566
0.0422711
0.0476797
0.0453667
0.0467673
0.0451866
0.0464998
0.0503284
0.0461991
0.0434448
0.0412758
0.0461736
0.0501427
0.0481169
0.0482144
0.0531059
0.0468643
0.0452861
0.0468409
0.0494893
0.0460568
0.0525716
0.0481544
0.0444784
0.0424142
0.0419654
0.0385059
0.0453319
0.0452467
0.043766
0.0462951
0.0400952
0.0402989
0.0477068
0.0461474
0.0414787
0.0424796
0.0395668
0.039374
0.0429629
0.0460451
0.041891
0.0432534
0.0437443
0.0420189
0.0385527
0.0431722
0.0427992
0.0503675
0.0440405
0.0383383
0.0418144
0.0449847
0.0421001
0.0425862
0.0429112
0.0449219
0.0399302
0.0479961
0.0491894
0.0474331
0.0506665
0.0440779
0.0494585
0.0432397
0.0480931
0.0489994
0.0454206
0.0479369
0.0466565
0.0430901
0.0423255
0.0427613
0.0485066
0.0460786
0.0496563
0.0494416
0.0478421
0.046624
0.0488197
0.046421
0.0499913
0.0488926
0.0493062
0.0505477
0.0508935
0.0529235
0.0506678
0.0463345
0.0469724
0.0529287
0.0547331
0.0473885
0.0443395
0.0488986
0.0464864
0.0453559
0.060707
0.0508482
0.0456667
0.0503918
0.0487628
0.0544011
0.0462743
0.0444695
0.0460745
0.047583
0.0459076
0.0492336
0.0462942
0.0475069
0.0556997
0.0499018
0.0491827
0.0490129
0.0540747
0.0522913
0.0488043
0.044132
0.0487459
0.0436204
0.0523811
0.0489405
0.0541644
0.0552576
0.0581306
0.0523152
0.0530326
0.0571482
0.0509392
0.0449943
0.0489484
0.0492163
0.0525341
0.0501185
0.0488374
0.0517312
0.054104
0.0471971
0.0523541
0.0475725
0.0511522
0.0477309
0.0483253
0.0507624
0.0467362
0.0533147
0.0461307
0.0508963
0.0462727
0.0493444
0.0493617
0.0457367
0.0514152
0.0493211
0.0494495
0.0447035
0.0439966
0.0474718
0.0441975
0.0497531
0.0545516
0.0500612
0.0477156
0.0485078
0.0511839
0.0537205
0.0508716
0.0463481
0.0509721
0.0511529
0.0493039
0.0514343
0.0589611
0.0465252
0.0513923
0.0488445
0.0468133
0.0489853
0.0525396
0.0603579
0.0529567
0.0498318
0.0484066
0.0479364
0.0508101
0.0456987
0.0487503
0.0559006
0.0489343
0.0501241
0.0511812
0.0486736
0.0474296
0.051723
0.0485932
0.046687
0.0467335
0.0446193
0.0452422
0.051013
0.0498331
0.0513763
0.0444069
0.0489205
0.0433383
0.0467855
0.0451766
0.048982
0.0500141
0.0448751
0.0483075
0.0473068
0.0464639
0.0425679
0.0453464
0.0520681
0.0448396
0.0452109
0.0476676
0.0434981
0.0482599
0.0412742
0.0470546
0.0397249
0.0461189
0.0466999
0.0414573
0.0411642
0.0454654
0.0418801
0.0403307
0.0423668
0.0426235
0.0434574
0.0466389
0.0477002
0.048108
0.0437208
0.0436474
0.0407759
0.0486906
0.04617
0.0491317
0.053418
0.0511632
0.0506537
0.0453288
0.0393061
0.0479831
0.0460969
0.0532587
0.0509086
0.0459215
0.0579003
0.0543507
0.0579883
0.0485694
0.0526804
0.0497411
0.0470888
0.0432001
0.0437965
0.0464813
0.0474894
0.0486432
0.0465399
0.0539241
0.0449822
0.0467197
0.0496706
0.0548466
0.0496868
0.0534045
0.0506983
0.0469487
0.0522458
0.0458963
0.0453822
0.050697
0.0502387
0.0477089
0.0440543
0.0570203
0.0578647
0.054707
0.0524627
0.0559259
0.0499658
0.0528457
0.0516009
0.0461361
0.0492288
0.0539151
0.0533722
0.0461799
0.0489543
0.0548076
0.0552882
0.0467231
0.0545681
0.0512003
0.0534016
0.0509152
0.0527148
0.0540564
0.0533242
0.0487308
0.0464918
0.0520126
0.0459654
0.0551589
0.0486056
0.0538541
0.0515111
0.0500041
0.0510927
0.0492212
0.0531402
0.0691948
0.0646921
0.0513098
0.051612
0.0468559
0.0527585
0.0533626
0.046736
0.0514909
0.0476625
0.0491828
0.0531861
0.0500319
0.0512152
0.0506989
0.0476607
0.0502363
0.0468867
0.0533545
0.0497163
0.0493737
0.0492144
0.0444781
0.0482955
0.0482637
0.0515575
0.0504973
0.0527451
0.0541896
0.0493349
0.059519
0.0489079
0.0471025
0.0510675
0.0490892
0.0484801
0.0512739
0.0574127
0.0541703
0.0461859
0.0475165
0.0511413
0.0510584
0.0536104
0.0568557
0.0488428
0.047667
0.0538261
0.0497334
0.0520828
0.0494238
0.0543094
0.0474527
0.0484816
0.0507031
0.048226
0.0507752
0.0541252
0.0542571
0.0501311
0.0461618
0.0471369
0.049175
0.0500709
0.0552366
0.0504136
0.0510273
0.0478462
0.0503406
0.0493481
0.0453094
0.0482364
0.049457
0.0468174
0.0454258
0.0478242
0.0569305
0.0525258
0.0540863
0.0544112
0.0525302
0.0482056
0.0452952
0.0540843
0.0497311
0.050827
0.0492058
0.049266
0.0517271
0.0488424
0.0537274
0.0448986
0.0525652
0.0435094
0.0481068
0.0505356
0.0470411
0.0454659
0.0449255
0.0416329
0.0474869
0.0477725
0.043404
0.048522
0.0524351
0.0409438
0.0483274
0.0576322
0.0615156
0.0459143
0.0497532
0.0454257
0.0489332
0.0505397
0.0474179
0.0464462
0.0509007
0.0442873
0.0517191
0.0451356
0.0486195
0.0427556
0.0435718
0.0487269
0.0512206
0.0506946
0.0460975
0.0474553
0.0499323
0.0502708
0.0431475
0.0415306
0.046357
0.045662
0.048599
0.0491955
0.0436119
0.0477613
0.0456865
0.0416204
0.0449019
0.0415557
0.0594561
0.0450922
0.0478982
0.0455051
0.047267
0.0449872
0.0469714
0.0463419
0.0413097
0.0466629
0.0474313
0.0435573
0.0424525
0.0400378
0.0437434
0.0632739
0.0450141
0.0521895
0.0478982
0.0419837
0.0480358
0.0414401
0.0478345
0.0424136
0.0444289
0.042369
0.0433338
0.0434459
0.0450117
0.0420491
0.0442349
0.0411995
0.0500463
0.0417432
0.0440157
0.047226
0.0420621
0.0388305
0.0565026
0.0436613
0.0405943
0.0364216
0.0444309
0.0406029
0.0367758
0.0435606
0.0401004
0.0376808
0.0403814
0.0400655
0.0380148
0.0236643
0.0275161
0.0271767
0.0275185
0.0231286
0.0234761
0.0138761
0.0221536
0.0210304
0.0169394
0.0143441
0.0171134
0.0211392
0.0131451
0.0208046
0.0320329
0.0249024
0.0250111
0.0239626
0.022875
0.0219318
0.0238704
0.0198679
0.0259827
0.0306291
0.0258917
0.0299326
0.0257146
0.0287317
0.0313031
0.0317782
0.0290857
0.0243613
0.0250146
0.0225075
0.0272941
0.0385031
0.0389204
0.0422583
0.0391705
0.0359333
0.0394223
0.0393369
0.0392692
0.0358553
0.0353696
0.0389932
0.0339795
0.0338007
0.0407187
0.0235729
0.0298475
0.0331494
0.0401784
0.0364809
0.0378079
0.0380823
0.0390357
0.0406651
0.0453781
0.0425325
0.0398666
0.0352345
0.0353967
0.0393651
0.0393003
0.0395738
0.0347311
0.0363413
0.0363728
0.0379452
0.0391152
0.0361241
0.0375173
0.0359023
0.0369574
0.0356589
0.0351117
0.0371724
0.0383801
0.0400955
0.0381703
0.0447599
0.0459516
0.0380591
0.0415932
0.0390967
0.0383201
0.0360701
0.0385716
0.0366139
0.0340141
0.0403862
0.0394987
0.0337566
0.0420586
0.0406249
0.0352722
0.0377821
0.0382465
0.0390458
0.0350115
0.0348042
0.0379704
0.0393201
0.036202
0.0358364
0.0383286
0.0368497
0.0359298
0.0411841
0.0434385
0.0399606
0.0393262
0.0396376
0.0391189
0.0350882
0.0361609
0.0353821
0.0367353
0.0439787
0.0451829
0.0383904
0.0368238
0.0410812
0.0398814
0.0363085
0.036477
0.041352
0.0436428
0.048638
0.0440628
0.0387409
0.0430774
0.0385547
0.0367874
0.0397491
0.039861
0.034256
0.0423121
0.0440765
0.041475
0.0431046
0.0402454
0.0420568
0.0377131
0.0392434
0.0410139
0.0375392
0.0434697
0.0442511
0.0451441
0.0438147
0.0380839
0.0417835
0.0413405
0.0392895
0.0421708
0.0403886
0.0422967
0.043655
0.0352369
0.038661
0.0394935
0.0409648
0.0383023
0.0382341
0.055432
0.0590743
0.0414194
0.0473986
0.0426275
0.0409915
0.0398534
0.041622
0.0401645
0.0375144
0.0377661
0.0392941
0.0409095
0.0371216
0.0436843
0.0415063
0.0349209
0.0349877
0.0404393
0.0351437
0.0406124
0.0409047
0.0417087
0.0407254
0.0409754
0.0374243
0.0413275
0.0368888
0.04093
0.0395967
0.0378892
0.0381702
0.0361834
0.0419768
0.0397223
0.0398233
0.0459753
0.040015
0.0344253
0.0370592
0.048931
0.0489353
0.0442945
0.0404293
0.0494203
0.0477791
0.0415036
0.0450554
0.046364
0.0390584
0.0426633
0.0435756
0.0479599
0.0411711
0.04518
0.0414629
0.0391691
0.0418341
0.0451314
0.0456289
0.0349617
0.0391946
0.041534
0.0464542
0.0455562
0.0446242
0.0441237
0.0441573
0.0432386
0.0438878
0.042523
0.0491263
0.0494263
0.0456583
0.0436728
0.0502084
0.047564
0.0433034
0.0476953
0.0441738
0.0429295
0.0397988
0.0475905
0.0492278
0.0413476
0.0429456
0.0465274
0.0412769
0.0426455
0.0487213
0.0452935
0.0470191
0.044904
0.0491221
0.0486151
0.0534578
0.048531
0.0452499
0.0544988
0.051906
0.0463594
0.0474303
0.0524094
0.0592486
0.0468943
0.0518269
0.0485655
0.0511651
0.047176
0.0546806
0.0577211
0.065157
0.0523074
0.056312
0.0559877
0.0600178
0.0536266
0.0519059
0.0477931
0.053
0.0534171
0.0472113
0.0539397
0.0567228
0.0515551
0.0513042
0.0458318
0.0559787
0.0496473
0.0516326
0.0511892
0.0446038
0.0524575
0.0511193
0.054781
0.0513606
0.0487478
0.0515346
0.052637
0.0526812
0.0532018
0.0505054
0.0501116
0.0523788
0.0515473
0.0489194
0.0482133
0.0487744
0.0540158
0.044475
0.0518917
0.0493733
0.0438679
0.0445915
0.0542305
0.0588952
0.0545586
0.0458195
0.0428494
0.0510632
0.0452765
0.0535664
0.0500363
0.0577978
0.0540509
0.0486975
0.0468085
0.0533671
0.0540462
0.0531089
0.0531459
0.0551483
0.0491611
0.0596674
0.0581635
0.0514593
0.0537059
0.0527152
0.0576691
0.0548388
0.0514044
0.0524587
0.0531413
0.0512129
0.0557182
0.0507863
0.052551
0.0506119
0.0528373
0.0492006
0.0549889
0.0508848
0.0562937
0.0490942
0.0474748
0.0516819
0.052545
0.0506589
0.0554947
0.0501516
0.0496157
0.0489573
0.052593
0.0498293
0.0531133
0.0453841
0.0554503
0.0468013
0.0506297
0.0523051
0.054258
0.0456244
0.044991
0.0527332
0.0489295
0.0529358
0.0468307
0.0452233
0.0495722
0.0491232
0.0515106
0.0515035
0.0495034
0.050257
0.0594069
0.0474664
0.0541459
0.0519762
0.0436682
0.0503885
0.0523269
0.0567172
0.0530908
0.0506635
0.0518746
0.0585363
0.0516993
0.0506559
0.0507738
0.0505763
0.050574
0.0506839
0.0508597
0.048683
0.0541347
0.0621534
0.0569276
0.0570015
0.0523534
0.0516459
0.0538933
0.0567759
0.0536599
0.0554334
0.0575053
0.0537568
0.0526859
0.0613432
0.0597649
0.0571222
0.0536754
0.0536059
0.0556707
0.0503133
0.0540664
0.0510969
0.0526931
0.0678513
0.0509959
0.0451108
0.0511643
0.0570765
0.0550437
0.0447655
0.0496239
0.0435684
0.0503683
0.0589119
0.0481387
0.0428229
0.0484756
0.0507842
0.0495514
0.0508543
0.0460105
0.0488294
0.0544511
0.0547192
0.0487136
0.0493841
0.0476897
0.0488551
0.0487984
0.0569013
0.0515037
0.0512661
0.0481108
0.0566947
0.0563024
0.0529711
0.0451755
0.0518458
0.0481062
0.0517395
0.0551633
0.0498772
0.0529905
0.0511152
0.0535349
0.0560502
0.0471952
0.051223
0.0545297
0.056494
0.0534034
0.0556164
0.0503995
0.0528638
0.0513415
0.0518683
0.0505791
0.0498255
0.0498194
0.0500156
0.053561
0.0560525
0.0509814
0.0472415
0.0503134
0.0539181
0.0539095
0.0522502
0.0478874
0.0450508
0.0517963
0.0496608
0.0538551
0.0487541
0.045843
0.0507935
0.0503136
0.0531816
0.0492863
0.0584098
0.0518016
0.0522504
0.050974
0.0528819
0.046496
0.0467274
0.047146
0.0550638
0.0526764
0.0510446
0.049083
0.0539837
0.0501619
0.055634
0.0562361
0.0493128
0.0471919
0.0501294
0.0476813
0.0463641
0.050679
0.0513994
0.047696
0.0506115
0.0462897
0.0457826
0.0482361
0.047162
0.0491659
0.0512224
0.0504294
0.0469329
0.0459885
0.0506324
0.0498218
0.0551622
0.0498853
0.0466362
0.0506616
0.0484333
0.0587797
0.055296
0.0525184
0.0454654
0.0519486
0.0502895
0.0469171
0.0507127
0.0477745
0.0451233
0.0481545
0.0477903
0.0498402
0.0493841
0.0513265
0.0474152
0.0492214
0.0537723
0.0561271
0.0518423
0.0535463
0.0513605
0.0471017
0.0575802
0.0470056
0.0502978
0.0536221
0.0474477
0.0475279
0.0582158
0.0413697
0.046052
0.0458163
0.0467027
0.0440424
0.0481424
0.0479965
0.047793
0.0465889
0.044409
0.0432089
0.0526177
0.0431709
0.0509489
0.0448283
0.0398605
0.0423003
0.0479692
0.0494986
0.0470604
0.0414319
0.046464
0.0515124
0.0518696
0.0486525
0.0484694
0.049041
0.0449557
0.048532
0.0465232
0.0486272
0.0442354
0.0456574
0.0484049
0.0480175
0.0441058
0.0452159
0.0509528
0.0555262
0.0506911
0.0526194
0.0445993
0.0517811
0.0458813
0.0438711
0.0525711
0.0480105
0.04849
0.0513894
0.0585494
0.049738
0.0500284
0.0494366
0.0468855
0.0477467
0.0529467
0.0521534
0.0500937
0.0439093
0.0460368
0.0538523
0.0508002
0.0541373
0.0552252
0.0507479
0.0459463
0.0551255
0.0565252
0.0483949
0.0511096
0.0538865
0.050834
0.0541846
0.0555924
0.0514616
0.049928
0.0509496
0.0531728
0.0591918
0.0491443
0.0490737
0.0478126
0.0539412
0.0503435
0.0466037
0.0447667
0.0499574
0.0501565
0.0462243
0.053287
0.0504713
0.0526643
0.0488805
0.0486947
0.0515048
0.0475653
0.0505394
0.048375
0.0521864
0.0449956
0.0447501
0.0541273
0.0479459
0.0549482
0.0497812
0.0533053
0.04829
0.0488409
0.0471247
0.0455931
0.0476488
0.0504651
0.0510479
0.0519549
0.0467666
0.0536775
0.0481563
0.0472897
0.0516304
0.0500316
0.0467895
0.0478568
0.0512096
0.0449376
0.0514008
0.0500782
0.0454379
0.0449661
0.0526223
0.0462363
0.0498808
0.052241
0.0524696
0.0499158
0.046212
0.0467495
0.0534576
0.0464445
0.0497127
0.0449011
0.0467276
0.0460786
0.0499172
0.0480073
0.048855
0.0472675
0.051491
0.050154
0.0490388
0.0452241
0.05091
0.0416908
0.0474567
0.0505247
0.0515342
0.0480642
0.0455831
0.042359
0.050655
0.0535875
0.0481066
0.0464339
0.0415318
0.0458482
0.0514007
0.0521797
0.0515833
0.0440671
0.0528425
0.0476961
0.0544241
0.0518187
0.049188
0.0543608
0.0526825
0.0522732
0.052751
0.0493391
0.0478283
0.054501
0.0491393
0.0465678
0.0465221
0.0542961
0.051352
0.0443801
0.0503709
0.0505489
0.0483271
0.0487226
0.0483356
0.044398
0.054072
0.0462232
0.0470634
0.0472952
0.0484636
0.0457874
0.0454285
0.0421548
0.0473106
0.0456986
0.0479949
0.040945
0.0450419
0.0430408
0.0483144
0.0435088
0.0453319
0.0478646
0.0466142
0.0476835
0.0441616
0.0469473
0.0456351
0.0457684
0.0480426
0.0400374
0.0426177
0.0463299
0.0461699
0.0375731
0.0420008
0.048934
0.0478371
0.0429168
0.0449026
0.0439854
0.0465254
0.0518669
0.0515571
0.0432021
0.0461168
0.0471391
0.0472634
0.0444307
0.0404474
0.0407409
0.0441351
0.0517494
0.053448
0.0491975
0.04377
0.0484039
0.0442934
0.0472466
0.0553162
0.0437292
0.0465417
0.0452669
0.0391998
0.0489192
0.0464503
0.0531857
0.0456154
0.0496009
0.0515043
0.0529388
0.0507581
0.0456244
0.048761
0.0479603
0.0523655
0.0430248
0.0540378
0.0494383
0.0471063
0.0571501
0.0543212
0.0516028
0.045141
0.049153
0.0506953
0.0513052
0.0538859
0.051141
0.0496792
0.0505721
0.0553704
0.0551169
0.0531442
0.0467917
0.0471465
0.0505512
0.0442662
0.0580997
0.0509724
0.0536661
0.0446449
0.0446955
0.0513642
0.051869
0.0501367
0.0574568
0.0541682
0.0505998
0.0545799
0.052635
0.0515704
0.055185
0.0558111
0.053466
0.0529572
0.0559853
0.0561173
0.0562129
0.0542172
0.0526639
0.059815
0.050007
0.0525773
0.0586507
0.0591361
0.0540031
0.0453842
0.0459328
0.0561998
0.0515574
0.0524682
0.048782
0.0523816
0.0539433
0.0529156
0.051623
0.0547796
0.04735
0.0468501
0.0501869
0.0561646
0.0561087
0.0523387
0.0529352
0.0503191
0.0545544
0.054263
0.0598633
0.0485405
0.0539332
0.0582395
0.0529894
0.0550739
0.0532088
0.0474009
0.0572241
0.0537195
0.0575355
0.0513378
0.0572693
0.0515817
0.0550785
0.0574941
0.0516042
0.0545011
0.0582676
0.0568522
0.0529394
0.0571134
0.0540875
0.0567649
0.0564268
0.0502766
0.0526299
0.0450004
0.0534817
0.0498557
0.0526514
0.0542924
0.0460481
0.0479986
0.0497385
0.0529113
0.0501333
0.046612
0.0473582
0.0405697
0.0499643
0.0508271
0.0549852
0.0501681
0.0476412
0.0427867
0.0458641
0.0501829
0.0460822
0.045902
0.0416088
0.0493203
0.0493995
0.0464102
0.0439742
0.0431758
0.0420625
0.0436391
0.0415625
0.0428796
0.0356869
0.0394513
0.0401436
0.0382611
0.0380286
0.0359046
0.033966
0.037003
0.0390754
0.0361882
0.0341776
0.0400403
0.034757
0.032499
0.0296106
0.032408
0.0311976
0.032947
0.0272868
0.0307316
0.0350502
0.0303597
0.034086
0.0371406
0.0321973
0.0326134
0.0289212
0.039075
0.0319833
0.0310901
0.0315044
0.0328446
0.0295173
0.0292691
0.0350039
0.0308536
0.0338273
0.0322544
0.0321744
0.0257884
0.0305849
0.0291249
0.029293
0.0310663
0.031305
0.0366167
0.033931
0.0337389
0.0300228
0.0287268
0.0366642
0.0297157
0.0408372
0.0349242
0.0403316
0.0355536
0.0349307
0.0357469
0.0363281
0.0361101
0.0343599
0.0352507
0.0353542
0.0348023
0.0354437
0.0356447
0.0397948
0.0334044
0.0407707
0.0391008
0.0433008
0.0405762
0.0388877
0.039435
0.0372915
0.0331642
0.0398971
0.0344463
0.0421809
0.0468928
0.0410762
0.0382421
0.0396785
0.04077
0.0427385
0.0364065
0.0422196
0.0363237
0.0412247
0.0446431
0.043816
0.0431231
0.0452431
0.044177
0.0409406
0.0424458
0.0425739
0.0436368
0.0396842
0.0397449
0.0385403
0.0444153
0.0388715
0.0434527
0.0392326
0.0412882
0.0431612
0.0396912
0.0482102
0.0389486
0.0401428
0.0390463
0.0370564
0.0423286
0.0343984
0.0366267
0.036756
0.0391119
0.0363921
0.0388827
0.0380135
0.0348999
0.03912
0.0356087
0.0386928
0.0342827
0.0395557
0.0400101
0.0417632
0.0356996
0.0399057
0.0400636
0.0375127
0.0365208
0.0446018
0.0375034
0.0372893
0.0365635
0.0364187
0.040115
0.0383438
0.0379322
0.0365185
0.0389122
0.0385346
0.0393082
0.0420508
0.0380585
0.0359355
0.0388177
0.0367714
0.0443854
0.0366663
0.0383531
0.0359089
0.0402964
0.0385422
0.0350974
0.0359102
0.0370106
0.0332126
0.0382144
0.0362707
0.034623
0.0376092
0.0418655
0.0427484
0.0362395
0.0378089
0.0377708
0.0310373
0.0382561
0.039546
0.0424627
0.0380902
0.0347964
0.0387693
0.0321799
0.0413547
0.0412828
0.0342773
0.0404226
0.0368551
0.0459321
0.0347451
0.0376738
0.0324124
0.0403418
0.0389735
0.0423459
0.0370853
0.0356984
0.0379799
0.0379546
0.0372223
0.0353558
0.0374011
0.0341872
0.0397802
0.0375237
0.0365148
0.0352174
0.0441831
0.0373201
0.0335838
0.0412419
0.0360653
0.0366861
0.0380087
0.0335251
0.0378858
0.0346535
0.0352076
0.0351893
0.0318673
0.033848
0.0362889
0.0361284
0.0384722
0.0378101
0.0376228
0.0369011
0.037437
0.0407165
0.0361383
0.0322014
0.0350833
0.0415777
0.037738
0.0372302
0.0430738
0.0358458
0.0442223
0.0393807
0.0346527
0.0417384
0.0367475
0.0367819
0.0359549
0.0412956
0.036831
0.0349601
0.0410183
0.0410819
0.0451179
0.0396219
0.0449386
0.0393662
0.041099
0.0389322
0.0418985
0.0405741
0.0419755
0.0443396
0.0444035
0.0464848
0.0443603
0.0476557
0.0393514
0.0398377
0.0415776
0.0469037
0.0447327
0.039152
0.0412934
0.0395833
0.0403981
0.040634
0.0432362
0.0472847
0.0430305
0.0483517
0.0429428
0.0454955
0.0482906
0.0442683
0.0434794
0.0442949
0.0462268
0.0497706
0.049702
0.0545203
0.0474048
0.0458633
0.043693
0.0476163
0.0422856
0.0487437
0.0521909
0.0512642
0.0492947
0.0494074
0.0619114
0.0557001
0.0547796
0.0499027
0.0434339
0.0474116
0.0491555
0.0513668
0.0502971
0.0600008
0.0475376
0.052464
0.0536514
0.0540776
0.0514938
0.0546943
0.0575414
0.0566073
0.0537336
0.0450481
0.054735
0.0512986
0.0509596
0.0551888
0.0551636
0.0533541
0.0514013
0.0556371
0.0595824
0.0477143
0.0476857
0.0500901
0.0462903
0.0500406
0.0457289
0.0485536
0.0494201
0.0553576
0.0470995
0.0511557
0.0519332
0.0467111
0.0462076
0.0441678
0.0468558
0.0405498
0.0489982
0.0500916
0.0490026
0.0443539
0.0479447
0.0429561
0.043525
0.0390123
0.0468673
0.0468336
0.0476641
0.0417744
0.0414611
0.0408778
0.0406262
0.0434559
0.0444121
0.0420072
0.046577
0.0440559
0.0431048
0.0394671
0.0403607
0.0367654
0.0423602
0.037505
0.0455454
0.0454093
0.0469892
0.0446358
0.046379
0.043318
0.0396734
0.0406311
0.0394711
0.045382
0.0422585
0.0382298
0.0372906
0.0394182
0.0424018
0.043209
0.0435768
0.042178
0.0381286
0.0415441
0.0395257
0.0406624
0.0403928
0.0419346
0.0374303
0.0371083
0.0429174
0.0477587
0.0447055
0.0421717
0.0416754
0.0466651
0.0409913
0.0440771
0.0412596
0.0438395
0.0462358
0.0428888
0.044559
0.036696
0.0380666
0.0417781
0.044742
0.0431611
0.0399421
0.0398197
0.043201
0.0384222
0.0431634
0.0398475
0.0382419
0.039517
0.0372945
0.0421086
0.0423237
0.0481576
0.0429034
0.0406901
0.0428938
0.0403358
0.0441872
0.0406598
0.0420197
0.0468245
0.0484653
0.046068
0.0445607
0.0419218
0.0401724
0.0428952
0.0403775
0.0454104
0.0412104
0.039457
0.0447036
0.0495817
0.0541802
0.0445432
0.043441
0.0474422
0.0518606
0.0463276
0.0506707
0.0441074
0.04891
0.0485666
0.0479012
0.046452
0.0479561
0.0505478
0.0459272
0.0491913
0.0434144
0.0464399
0.049046
0.0481966
0.0476659
0.0512472
0.0538265
0.0456796
0.0515451
0.0518224
0.0486608
0.0475763
0.0504631
0.0468779
0.0479506
0.0441886
0.0460578
0.048673
0.0474071
0.0492005
0.0474081
0.0424908
0.0488317
0.0434777
0.0566897
0.056947
0.0492032
0.0559977
0.047656
0.052866
0.0494772
0.0507962
0.0509736
0.0566436
0.0513169
0.0522548
0.0463736
0.0491907
0.0487633
0.050312
0.0504006
0.0479999
0.0504319
0.0460763
0.0493603
0.0459945
0.0514915
0.0482788
0.043835
0.0466182
0.0459287
0.0459746
0.0465066
0.0472598
0.0433019
0.0509753
0.0511673
0.0507114
0.0529737
0.0506352
0.048046
0.042773
0.048764
0.0488386
0.0515648
0.0500061
0.0511105
0.0475385
0.0549832
0.0524324
0.0463697
0.0515063
0.0509098
0.046761
0.0463597
0.0475752
0.0398654
0.0461812
0.0468693
0.0439774
0.0418711
0.0433206
0.0432868
0.0423984
0.046117
0.0449567
0.0405415
0.0384797
0.0412954
0.0482
0.0435254
0.0390047
0.0408206
0.0393393
0.0420752
0.0388741
0.0358954
0.0352326
0.0397571
0.0370811
0.0408109
0.0354741
0.0388323
0.0319838
0.0354515
0.0379067
0.0376514
0.0334064
0.0439209
0.0455545
0.0407338
0.038294
0.0413491
0.039279
0.038474
0.0390137
0.0387559
0.0425113
0.0403633
0.0384361
0.0360357
0.0386243
0.0427346
0.0422063
0.0370839
0.0377807
0.0445971
0.0389039
0.0441193
0.0456085
0.0399479
0.0474027
0.0461476
0.0517523
0.0411326
0.0423849
0.0466733
0.0525923
0.048689
0.0482318
0.0374711
0.0468072
0.0494592
0.0452669
0.0398363
0.0512232
0.046871
0.0446279
0.0414291
0.0461851
0.0456211
0.0441354
0.0456237
0.0460302
0.0502825
0.0467735
0.0470825
0.0486711
0.0458991
0.044149
0.0451575
0.0473838
0.0497179
0.0448193
0.0454424
0.0445354
0.0484066
0.051221
0.0465615
0.0418238
0.0444844
0.0469407
0.0530085
0.0520397
0.050951
0.0480249
0.0405983
0.0400045
0.0449325
0.0433848
0.0422313
0.0497859
0.0507896
0.0466054
0.0483776
0.0520025
0.0532283
0.0481201
0.0580694
0.0508987
0.0511872
0.0458539
0.0480427
0.0486678
0.0485995
0.0559781
0.0484956
0.0480521
0.0481256
0.0538329
0.0552535
0.0511624
0.0555109
0.0563462
0.0521286
0.0500919
0.050145
0.0491885
0.0509931
0.0528883
0.0473437
0.0458448
0.0481802
0.0531887
0.0528618
0.04789
0.0495629
0.0489651
0.0524209
0.0481742
0.0495306
0.0484538
0.0462665
0.0433473
0.0532039
0.0540299
0.051199
0.0494221
0.0498221
0.0488516
0.0480407
0.0543792
0.054195
0.0557747
0.0524843
0.0550222
0.0520758
0.0514385
0.0523067
0.0530352
0.0516694
0.0454171
0.0478542
0.0478999
0.0569424
0.051581
0.0544531
0.0533649
0.0504161
0.0459992
0.0503405
0.0494524
0.0513006
0.0501842
0.0511476
0.0532575
0.0495126
0.0495396
0.050122
0.0542595
0.0526625
0.0449716
0.0442672
0.0438434
0.0425242
0.0463188
0.0408327
0.049675
0.0459872
0.048718
0.0516439
0.0518488
0.0500459
0.0519652
0.0673284
0.0551625
0.049506
0.0530794
0.0538462
0.0499768
0.0483908
0.0417565
0.0457494
0.0560891
0.0541154
0.053318
0.0572133
0.0574785
0.0533414
0.0544653
0.0517504
0.059985
0.059556
0.0544788
0.0500504
0.0526064
0.0522226
0.0581047
0.0483073
0.0485572
0.052549
0.0557682
0.0471503
0.0497531
0.0481374
0.0461446
0.0461137
0.041197
0.0412831
0.0393997
0.0399648
0.0449449
0.0452763
0.0425806
0.0404304
0.0434899
0.0450933
0.0493264
0.037084
0.0385055
0.0417636
0.0422388
0.0559208
0.0384406
0.0383642
0.0355047
0.0360195
0.0410413
0.0383169
0.038927
0.0358141
0.0449368
0.0445493
0.0440567
0.0424953
0.0434032
0.0423715
0.037705
0.0459421
0.0418243
0.0457233
0.0492249
0.0500202
0.048239
0.0521127
0.0578722
0.0528513
0.0508489
0.0516532
0.053393
0.0605892
0.0509047
0.0560155
0.0537423
0.0490285
0.0498307
0.0478216
0.0510492
0.0528965
0.0565802
0.0515682
0.0569908
0.0541574
0.0516744
0.055053
0.0522846
0.0462392
0.0553486
0.0509887
0.0472552
0.0540444
0.0511425
0.0522406
0.0498532
0.052082
0.0496075
0.0545525
0.0477207
0.0509891
0.051473
0.0452091
0.0558876
0.0548794
0.0498508
0.0479805
0.0474536
0.0578169
0.0500505
0.0523214
0.0478351
0.0878846
0.0551564
0.0550445
0.0540673
0.0613149
0.0576357
0.0636959
0.0577118
0.0613483
0.0625719
0.0597368
0.0660474
0.0696296
0.0568709
0.0731657
0.0659711
0.0561876
0.0566124
0.0570357
0.0613978
0.0563222
0.060023
0.0588158
0.0614962
0.0606648
0.0599398
0.0593763
0.0578018
0.0608619
0.0630476
0.0679101
0.057936
0.0606017
0.0640585
0.0671184
0.0580138
0.0503116
0.0580293
0.0636422
0.0522437
0.0593539
0.0564242
0.0638634
0.0530734
0.0528992
0.0566623
0.0586533
0.0585073
0.0543844
0.0486613
0.0587844
0.055521
0.0470437
0.0515297
0.0508074
0.0486115
0.0501958
0.0510621
0.0530715
0.0523707
0.0565998
0.0569512
0.0481966
0.0512946
0.0518757
0.0476282
0.0585188
0.0516445
0.0528334
0.0612791
0.0525373
0.0523799
0.0525911
0.0473008
0.0472731
0.054922
0.0544089
0.054955
0.0510788
0.0509863
0.0505545
0.0553984
0.0565901
0.0537832
0.0488816
0.0532213
0.0548021
0.0527347
0.0612231
0.0546468
0.0697797
0.0585831
0.0549415
0.0528831
0.0528496
0.0509223
0.0557554
0.0547869
0.0480768
0.0540838
0.0559898
0.05094
0.0565122
0.0542967
0.0547987
0.049368
0.0547284
0.0582544
0.0563035
0.0529944
0.0525411
0.0533463
0.0549243
0.0537359
0.0582197
0.0518986
0.0613398
0.067997
0.0602759
0.0568946
0.0514356
0.0583784
0.0543497
0.0549127
0.0577072
0.0512614
0.0506613
0.0576582
0.0509576
0.0521715
0.052916
0.0546718
0.049275
0.0503324
0.056443
0.0501973
0.0540879
0.0480295
0.0578556
0.0527766
0.0564398
0.0572681
0.0582817
0.0533536
0.0577072
0.0533524
0.0510103
0.0540116
0.0619741
0.0608285
0.0553204
0.061343
0.0611211
0.0590168
0.0547979
0.0525085
0.0548777
0.0603624
0.0619149
0.061958
0.0548047
0.0588469
0.0576995
0.0619593
0.0584153
0.0623141
0.0528495
0.0565729
0.0575169
0.0509566
0.0575134
0.0674633
0.062857
0.0652951
0.0580113
0.0505001
0.0525498
0.0521401
0.0563317
0.0553389
0.0548292
0.0560515
0.0540685
0.0564171
0.061415
0.0542225
0.0535565
0.0565569
0.0571185
0.0582151
0.0544028
0.0527913
0.056814
0.0603279
0.0550434
0.0510185
0.0587438
0.0597473
0.0573016
0.0552069
0.0568779
0.0551067
0.0563018
0.058828
0.0538108
0.0500397
0.0517783
0.0552863
0.0571089
0.0507032
0.0545674
0.0508283
0.0545369
0.0523596
0.0487461
0.0543072
0.0521015
0.0603791
0.0578927
0.0547468
0.0541293
0.054262
0.0535649
0.0499898
0.0503716
0.0547331
0.0491506
0.0498503
0.0504678
0.0554312
0.0617917
0.0496383
0.0496911
0.0520839
0.0552846
0.0529303
0.0482592
0.0515376
0.05301
0.0528714
0.0541743
0.054175
0.0460594
0.0528606
0.0507129
0.0480449
0.0531686
0.048367
0.0521296
0.0493521
0.0505015
0.0555402
0.0498055
0.0497231
0.05317
0.0485656
0.0508771
0.0501584
0.0498434
0.0529488
0.0497307
0.0483935
0.0502467
0.0527434
0.0478924
0.0539488
0.0488864
0.0476349
0.0520518
0.0584076
0.0558322
0.0512385
0.0482759
0.0522341
0.0551009
0.0565739
0.0554925
0.049179
0.051192
0.0530892
0.0541597
0.0511808
0.0507929
0.0491111
0.0543937
0.0532523
0.0497928
0.0492709
0.0506805
0.0522681
0.0505233
0.0510555
0.0547605
0.0552525
0.0549307
0.0533545
0.0527845
0.0525391
0.0528916
0.0508436
0.0543646
0.0526814
0.0486002
0.052224
0.0530898
0.0496881
0.0465179
0.0498277
0.0487151
0.0502846
0.0526125
0.0544551
0.0475853
0.0513916
0.0435632
0.0543488
0.049231
0.0472066
0.0486604
0.0648598
0.0574721
0.04632
0.0477775
0.0535073
0.0518726
0.0462364
0.0417723
0.0503854
0.047266
0.0441316
0.0463108
0.0556786
0.0464781
0.0484185
0.0502478
0.0486214
0.0463591
0.0520604
0.0499102
0.0484813
0.0515453
0.0515837
0.0548408
0.0516272
0.0523556
0.0505348
0.0542321
0.052055
0.0524957
0.0508433
0.0513577
0.0531907
0.0568828
0.0592057
0.0525834
0.0605214
0.0544918
0.0514422
0.0622921
0.0699451
0.0523367
0.0568823
0.0567145
0.0620957
0.0572897
0.0549003
0.0572188
0.0605604
0.0590946
0.0519119
0.0475868
0.0610619
0.0553602
0.0544449
0.0570543
0.0593399
0.0546405
0.0581371
0.0577
0.056144
0.0553525
0.0530261
0.0545631
0.0548481
0.0585754
0.0574421
0.0558788
0.0637095
0.057055
0.0551286
0.0581685
0.0582671
0.0535853
0.0616555
0.0577532
0.0586039
0.0576634
0.0590912
0.0635525
0.0631439
0.0634537
0.0629342
0.0602188
0.060536
0.0579842
0.0637419
0.05731
0.0666564
0.0655485
0.0629716
0.0566116
0.062255
0.0615213
0.05926
0.0560686
0.0622754
0.0597204
0.0570512
0.0611001
0.0645704
0.0625187
0.0622639
0.0646966
0.0603432
0.0617298
0.0581301
0.0606156
0.0575373
0.0534329
0.0589348
0.0590701
0.0873804
0.0768325
0.0570052
0.0571697
0.0611681
0.0601566
0.0579078
0.0602323
0.0573901
0.0559817
0.0539195
0.0544573
0.0569026
0.0564904
0.0529264
0.054786
0.0495489
0.0490059
0.0556529
0.0528647
0.0599138
0.0542097
0.0543004
0.0535877
0.0601167
0.0600966
0.0560659
0.0547659
0.0550383
0.0593969
0.054703
0.0528467
0.0523355
0.0555213
0.0563371
0.0650617
0.0515093
0.0529702
0.0536964
0.050834
0.0573973
0.0547812
0.0542216
0.0538921
0.0522902
0.0635507
0.059742
0.0689157
0.0503175
0.0630052
0.0544115
0.050408
0.0493306
0.0500195
0.0519806
0.0512869
0.0574437
0.0563255
0.056119
0.0518689
0.0506891
0.0501224
0.0516302
0.0548517
0.0537074
0.0554241
0.0550508
0.0537673
0.0516575
0.0569004
0.0502659
0.0482199
0.0554603
0.0546993
0.049084
0.0557692
0.0552607
0.0517393
0.0523843
0.0531801
0.0563845
0.0531437
0.0565666
0.0551067
0.0560485
0.0571419
0.0549641
0.0575122
0.0579922
0.0535066
0.0581185
0.0533383
0.0581303
0.0543664
0.0585158
0.0542017
0.0629017
0.0602057
0.0608454
0.0552338
0.0553482
0.053393
0.0558235
0.0542278
0.0598165
0.054281
0.060633
0.0565534
0.0587763
0.0643935
0.0527589
0.0593065
0.0582779
0.0559208
0.0558349
0.0514255
0.05561
0.0556492
0.0519957
0.0572001
0.0577137
0.0604028
0.049897
0.055863
0.0587186
0.0578937
0.0582019
0.0538616
0.0591709
0.0585922
0.057424
0.0561487
0.057065
0.0507551
0.0509116
0.0521204
0.0501741
0.0485181
0.0578368
0.0562552
0.0517006
0.0544577
0.0526331
0.0534429
0.0501591
0.0533513
0.0480987
0.0520151
0.0498137
0.0467382
0.051871
0.054543
0.0567632
0.0493067
0.0492008
0.0481773
0.0524643
0.0547382
0.0503547
0.0487457
0.0504962
0.0480125
0.0488387
0.0543264
0.0540481
0.0505594
0.0532004
0.0485987
0.0446313
0.0524479
0.0558061
0.0514634
0.056721
0.052648
0.0555545
0.0517418
0.0568821
0.0483818
0.0538134
0.0545454
0.0561848
0.0543849
0.0535969
0.0518633
0.0500459
0.0525302
0.0519635
0.0526613
0.0498737
0.0470206
0.0509804
0.0576441
0.0513305
0.0526925
0.0511031
0.0487381
0.0544544
0.0455445
0.047133
0.0526751
0.0504517
0.0471108
0.0477014
0.0540179
0.0549058
0.0484424
0.0495862
0.045015
0.0507927
0.0508806
0.0488179
0.0472288
0.0517214
0.0532622
0.0492181
0.043271
0.0489734
0.0479856
0.0428454
0.0551217
0.0494533
0.0458568
0.0480353
0.0491876
0.0563134
0.0501392
0.0518063
0.0524246
0.0509961
0.0557198
0.0533794
0.0476428
0.0506666
0.0474328
0.0430205
0.0505615
0.0425231
0.0484133
0.0506341
0.0518193
0.0498733
0.0532349
0.0469207
0.0489119
0.0503581
0.0434142
0.0491351
0.0461469
0.0463636
0.0474614
0.0437877
0.0466587
0.0497732
0.0517585
