0.0725593
0.0951102
0.0869876
0.0745588
0.0650066
0.0990767
0.0817192
0.110339
0.0827254
0.0778424
0.0841973
0.0769759
0.103864
0.0872711
0.0828111
0.0868004
0.0992762
0.0707189
0.0882561
0.102635
0.0845439
0.0868027
0.11515
0.0789743
0.0890467
0.0855133
0.0743255
0.0640235
0.0725135
0.0895604
0.095046
0.0749326
0.0728392
0.0970761
0.0899605
0.0720696
0.0882722
0.0794937
0.0927386
0.0812511
0.103325
0.0911466
0.0980725
0.0790313
0.0909225
0.0880791
0.0773528
0.105302
0.0648068
0.11491
0.110093
0.0966487
0.100102
0.0886103
0.107301
0.0954104
0.101583
0.0725728
0.0924486
0.102629
0.119105
0.087496
0.0702391
0.07656
0.0920969
0.0978379
0.0883164
0.0720752
0.0970456
0.0874566
0.104621
0.0882204
0.0698121
0.0995574
0.102825
0.10138
0.0870544
0.0768496
0.0959957
0.0880172
0.105488
0.0902849
0.0963746
0.0712352
0.0642351
0.0798796
0.0949866
0.0946872
0.0858549
0.0705747
0.0760536
0.0948952
0.087782
0.096063
0.102996
0.0768812
0.0797186
0.0952962
0.101349
0.0768857
0.0828821
0.0992179
0.0993482
0.0902662
0.0866785
0.116641
0.0787768
0.102428
0.0781126
0.0520711
0.0838418
0.0943521
0.0802503
0.0943317
0.074939
0.0782727
0.070623
0.093283
0.078935
0.0632904
0.0866948
0.088038
0.0628007
0.0650489
0.0574924
0.0607969
0.0624502
0.0865607
0.0889668
0.0753903
0.0766674
0.0881662
0.0721192
0.075591
0.0742848
0.070599
0.0755111
0.076685
0.0797501
0.091927
0.0846562
0.0726077
0.0646254
0.0990599
0.0796202
0.0614761
0.0784676
0.101825
0.0716588
0.0507235
0.0795499
0.0809714
0.0747056
0.082775
0.0915491
0.0914106
0.0659725
0.0698132
0.0821875
0.0777389
0.0954491
0.0758951
0.0841683
0.0664494
0.107039
0.0796264
0.0854395
0.0892331
0.0949403
0.0613263
0.0831068
0.105554
0.078209
0.0723515
0.0921093
0.0833464
0.0751356
0.0762454
0.0688304
0.0912103
0.0866729
0.0715148
0.0659023
0.101139
0.0951822
0.0686175
0.0815826
0.0635306
0.0668895
0.0679766
0.0527247
0.0594211
0.0781959
0.0740531
0.0859892
0.0880054
0.0888206
0.0759807
0.0839936
0.0661941
0.0893957
0.075346
0.0735507
0.0624906
0.0603999
0.0669273
0.109543
0.0853821
0.0729091
0.0789601
0.0787113
0.0893083
0.0890168
0.0657356
0.0690573
0.0983258
0.0872834
0.0638386
0.0740896
0.0773136
0.0978277
0.0796759
0.0723043
0.105452
0.0908111
0.0750159
0.066203
0.0872949
0.0703519
0.100944
0.0961642
0.0634469
0.0636523
0.0928124
0.09687
0.0644557
0.074401
0.0598084
0.0669192
0.0657876
0.0753079
0.0869734
0.064106
0.0682287
0.0608437
0.0814728
0.0874126
0.0648852
0.0697541
0.0686907
0.0726098
0.0635229
0.0913031
0.0869564
0.0630247
0.0873401
0.0831422
0.0705839
0.0596158
0.0589452
0.0760834
0.0916323
0.0834376
0.0788533
0.0911048
0.0614299
0.0887703
0.0921675
0.0763713
0.0710143
0.109946
0.0989813
0.0822372
0.0632206
0.0787708
0.091364
0.0838246
0.101352
0.0992038
0.0728038
0.0935406
0.0916319
0.0713651
0.105588
0.0925189
0.070697
0.098972
0.084599
0.0753629
0.0687151
0.100466
0.0845201
0.0780086
0.0823249
0.0803259
0.0874234
0.0654219
0.0944378
0.0881778
0.0753889
0.0633366
0.0633706
0.0729223
0.102577
0.1112
0.0882018
0.118484
0.10372
0.0680704
0.0732867
0.0957171
0.0747276
0.084578
0.0941174
0.0881899
0.096768
0.0938848
0.078387
0.106073
0.0824814
0.0741445
0.0891506
0.102047
0.0908941
0.0946808
0.0824827
0.101009
0.0724288
0.0653268
0.0856522
0.0894134
0.0915459
0.0753002
0.104133
0.0890254
0.0802064
0.0839074
0.0957796
0.0898858
0.0723032
0.100951
0.10298
0.0687076
0.109296
0.0787586
0.0892506
0.101687
0.0857476
0.0774014
0.0684065
0.0937173
0.0902358
0.075053
0.0696694
0.0986536
0.0892927
0.0909255
0.0706162
0.0734464
0.0831828
0.0962062
0.0790317
0.0905306
0.0716183
0.0752009
0.0951244
0.0925411
0.0894928
0.0939727
0.0865667
0.0827256
0.0743099
0.11682
0.0935927
0.0690962
0.0846216
0.0778172
0.1009
0.0819297
0.0764201
0.0887929
0.0893089
0.0826698
0.0751478
0.0742432
0.0783708
0.0951334
0.0762738
0.0742046
0.0907804
0.0897697
0.0774316
0.0877604
0.102224
0.0951627
0.0745153
0.0962124
0.124468
0.0918909
0.0757382
0.0941261
0.0699493
0.125079
0.131701
0.0971372
0.066446
0.133741
0.0907075
0.0793283
0.0924135
0.120396
0.0902517
0.0915331
0.0854392
0.0789817
0.0885386
0.12175
0.104482
0.112419
0.0874283
0.106104
0.0870007
0.0932974
0.0973076
0.0985111
0.0913372
0.0981865
0.0834535
0.089229
0.0924507
0.0912011
0.0778437
0.0883478
0.0927108
0.0794753
0.0971969
0.0708613
0.0832917
0.0855761
0.0680157
0.0740664
0.0969167
0.094925
0.087731
0.0631612
0.0823111
0.0756242
0.0956603
0.0836199
0.0879111
0.081067
0.0674252
0.0920769
0.0871471
0.121023
0.0800514
0.106437
0.0891484
0.0853427
0.101162
0.095214
0.101467
0.125634
0.0898476
0.113641
0.102062
0.122
0.0753047
0.122454
0.10657
0.0925011
0.082716
0.0744554
0.0734898
0.0973445
0.0946708
0.0926265
0.0920993
0.105299
0.0932198
0.0993368
0.0948595
0.0796603
0.0926154
0.0828342
0.0798426
0.0761902
0.0850758
0.0826555
0.0809122
0.0863508
0.0863178
0.110515
0.0816419
0.0862808
0.100595
0.0785572
0.0816371
0.0973856
0.113139
0.0984262
0.0783893
0.0679365
0.101791
0.0692658
0.0768573
0.0784583
0.0781037
0.103236
0.0652314
0.0769644
0.0903274
0.0879856
0.0804121
0.0676725
0.0702268
0.0693967
0.0914409
0.0720104
0.0737054
0.0641227
0.0784283
0.0739908
0.068706
0.0652282
0.0929916
0.0851346
0.081571
0.0901334
0.132285
0.100291
0.113576
0.0922015
0.0997032
0.102726
0.11096
0.109398
0.0930722
0.0971343
0.0998794
0.095131
0.0974249
0.0715379
0.0906677
0.0685623
0.0624936
0.0632729
0.0718688
0.0664464
0.0788982
0.0622095
0.0772158
0.0725021
0.0640396
0.0707449
0.0781864
0.0683594
0.0796115
0.101621
0.0988312
0.100713
0.0928549
0.0838707
0.0729487
0.0882056
0.0742928
0.0894284
0.0719053
0.0974496
0.0807143
0.124999
0.095002
0.124355
0.08455
0.101918
0.0821228
0.101035
0.0895523
0.108798
0.0846823
0.0864266
0.08432
0.0984842
0.0947297
0.0800786
0.0778225
0.105578
0.0979333
0.0992562
0.111531
0.0880172
0.0779251
0.0925132
0.091216
0.0937073
0.0669093
0.0768142
0.100366
0.0775634
0.092461
0.0725027
0.0650898
0.0884981
0.071539
0.0698315
0.0869535
0.101605
0.109609
0.0829549
0.0653142
0.0677843
0.0602412
0.0656758
0.0882548
0.0840658
0.0836478
0.0790105
0.0759622
0.0755134
0.0759398
0.0960912
0.0870301
0.0811305
0.0716803
0.0709131
0.0922115
0.071491
0.0732435
0.104909
0.0656885
0.0761992
0.0616998
0.0817956
0.0823143
0.0675635
0.084355
0.0862796
0.0986627
0.0863308
0.0697625
0.0890711
0.0798511
0.0843882
0.0889392
0.0909516
0.0850956
0.0713146
0.0728072
0.0853989
0.073955
0.0957492
0.107988
0.108657
0.0835254
0.0812616
0.0670615
0.0963995
0.101515
0.0999899
0.0820666
0.0811964
0.0692949
0.0967493
0.0939388
0.0955201
0.0741233
0.0745785
0.0728718
0.0665668
0.0972929
0.0797694
0.106934
0.0973142
0.0844138
0.0880681
0.0781284
0.0687288
0.086963
0.0747334
0.0843389
0.0710652
0.0938181
0.0803373
0.115188
0.113244
0.0970968
0.117768
0.0923356
0.0821055
0.0709526
0.117608
0.0818515
0.0900773
0.104217
0.12137
0.0871464
0.073142
0.101691
0.125833
0.1376
0.101861
0.125057
0.101275
0.119926
0.0979549
0.0787545
0.0916986
0.0760174
0.0865798
0.0700763
0.0784184
0.0844717
0.08665
0.0867303
0.121351
0.0998398
0.118639
0.0951438
0.111444
0.123226
0.0849001
0.0857571
0.087655
0.0789332
0.0861745
0.0907627
0.0797344
0.0900023
0.0977137
0.0786855
0.0920818
0.119493
0.0893347
0.08027
0.0868113
0.113483
0.102261
0.10142
0.109149
0.100906
0.117656
0.114616
0.116429
0.120194
0.0897068
0.0831282
0.0956393
0.0726995
0.0848836
0.0884489
0.0829782
0.0911586
0.0675143
0.0815177
0.0923347
0.124199
0.125459
0.128119
0.112701
0.124064
0.0915786
0.10043
0.0899282
0.143514
0.134372
0.126857
0.118927
0.11258
0.0821943
0.0810799
0.0943329
0.0883562
0.0842574
0.0871697
0.114799
0.106529
0.129819
0.0921619
0.084741
0.0981761
0.122332
0.106309
0.102474
0.0883912
0.0849607
0.0884798
0.114032
0.114065
0.112683
0.097622
0.0804175
0.0778564
0.0701048
0.0934591
0.0703952
0.10039
0.0895825
0.110524
0.0933734
0.0838842
0.0941771
0.0925331
0.0840985
0.102819
0.104098
0.125261
0.0926048
0.0898361
0.0896599
0.0839794
0.0994798
0.105497
0.10511
0.107819
0.106869
0.0955819
0.0951867
0.100579
0.0959133
0.10501
0.096523
0.070618
0.0843191
0.0809711
0.0989187
0.0987884
0.0966651
0.100738
0.127113
0.109849
0.0934448
0.0955184
0.0989755
0.0903841
0.105251
0.103683
0.093238
0.0906076
0.10102
0.0920755
0.0746283
0.0856468
0.102016
0.0925388
0.0758493
0.095367
0.128638
0.0952045
0.0767462
0.0775688
0.0754373
0.0679149
0.0875837
0.0817243
0.0932078
0.0902955
0.0951909
0.0778577
0.0754258
0.0733991
0.0811045
0.0889253
0.0684562
0.0766773
0.0863416
0.0969693
0.0973165
0.0873012
0.0753352
0.069877
0.0778525
0.0820854
0.0699676
0.0964484
0.0928383
0.106982
0.0891276
0.0830889
0.0837498
0.0847268
0.0853314
0.128492
0.109991
0.0969156
0.0919165
0.0963304
0.11245
0.0848706
0.0984415
0.105291
0.0956206
0.090601
0.113265
0.111929
0.0950899
0.0911513
0.0955091
0.0783376
0.128956
0.105256
0.0997498
0.099215
0.0813582
0.0801851
0.101457
0.131409
0.137463
0.112673
0.090348
0.106173
0.112502
0.10794
0.0990566
0.118124
0.105773
0.107866
0.0942648
0.114209
0.0997222
0.119419
0.108547
0.0918915
0.111403
0.108204
0.0981555
0.117989
0.0866422
0.0965966
0.0895944
0.118486
0.0934827
0.09658
0.0994439
0.10893
0.128967
0.0978701
0.118629
0.109758
0.0948314
0.109296
0.0955432
0.0925319
0.0967842
0.0975458
0.0802651
0.0784248
0.0801755
0.0788203
0.0802635
0.116086
0.104005
0.0847048
0.0923914
0.104547
0.101684
0.0825831
0.092777
0.0759167
0.112191
0.0950973
0.106802
0.100195
0.0890347
0.105061
0.0896476
0.0944632
0.0887002
0.0836273
0.0830035
0.0902222
0.0831831
0.0837371
0.0833651
0.0783888
0.0782413
0.0794688
0.0893016
0.0954608
0.0743318
0.0853174
0.0800844
0.0858852
0.0719348
0.0840521
0.0745169
0.0744962
0.0925115
0.0793171
0.101403
0.0820688
0.0961363
0.0710379
0.087536
0.0843227
0.0821737
0.0786695
0.0785813
0.0815847
0.0816997
0.0783778
0.0998801
0.103805
0.0814771
0.0876733
0.0787105
0.0894248
0.0842711
0.0856988
0.0902592
0.0726449
0.0882315
0.0750801
0.0969524
0.103065
0.10251
0.0999044
0.120133
0.105418
0.100738
0.12076
0.10005
0.105221
0.129971
0.101042
0.115458
0.115585
0.129253
0.124091
0.116777
0.103819
0.109512
0.105499
0.115179
0.0977243
0.0922076
0.0922122
0.0999513
0.105903
0.091748
0.0771373
0.105813
0.124529
0.0979401
0.109106
0.118166
0.0859325
0.0887094
0.102937
0.109465
0.107611
0.129836
0.102781
0.112757
0.107973
0.0886165
0.1184
0.102727
0.0867033
0.10826
0.0981853
0.0944759
0.0915356
0.0716265
0.0868899
0.107685
0.1105
0.110413
0.137595
0.102741
0.109105
0.12178
0.093303
0.100118
0.089631
0.127951
0.114471
0.124115
0.0980193
0.12184
0.0928096
0.111111
0.100466
0.127668
0.101419
0.10082
0.103095
0.118846
0.108966
0.119899
0.120645
0.0972888
0.0967137
0.1014
0.10008
0.115164
0.100925
0.10172
0.112858
0.126945
0.0974142
0.0961423
0.0887517
0.115059
0.0958391
0.102759
0.120932
0.121504
0.116889
0.0951037
0.103017
0.101773
0.0931875
0.0764456
0.087299
0.0784912
0.106813
0.116617
0.0993156
0.122057
0.109585
0.120896
0.103252
0.0862308
0.0755512
0.101382
0.081062
0.110379
0.0955103
0.114002
0.102547
0.101057
0.101479
0.0961136
0.0881522
0.0986401
0.103097
0.0841394
0.0913433
0.0828355
0.0970272
0.107962
0.0946402
0.0997816
0.0781093
0.107983
0.118925
0.128613
0.116641
0.0898118
0.0873861
0.0855279
0.0741233
0.0816533
0.0824199
0.0709762
0.0816869
0.0809528
0.0739419
0.0789315
0.0917725
0.0997706
0.106878
0.106807
0.114665
0.0810217
0.0986736
0.0982543
0.106068
0.105877
0.103816
0.108321
0.132572
0.120034
0.0988672
0.117558
0.0900719
0.0936717
0.0893713
0.0820041
0.124288
0.106053
0.0979099
0.0968144
0.104391
0.0838273
0.113826
0.100513
0.105102
0.102781
0.125343
0.0790313
0.111301
0.107219
0.108271
0.110013
0.0973813
0.0988983
0.0723961
0.0734253
0.0926943
0.0764178
0.0966231
0.0903771
0.119784
0.102425
0.100152
0.08945
0.0818425
0.112912
0.118332
0.114383
0.105613
0.0956291
0.0713878
0.0914011
0.110475
0.152651
0.0913358
0.110285
0.0963618
0.0775437
0.0960834
0.0899448
0.095411
0.0982385
0.108687
0.108228
0.105996
0.10737
0.112091
0.108551
0.101401
0.119373
0.0872024
0.0940105
0.0989322
0.101216
0.119336
0.0810775
0.0810648
0.078722
0.11935
0.121331
0.0752772
0.097999
0.101759
0.0987345
0.104952
0.103822
0.0924249
0.121434
0.1236
0.0926804
0.0843605
0.0945682
0.100725
0.0991598
0.101918
0.118854
0.101665
0.118287
0.0920978
0.0921991
0.100795
0.0889161
0.0742348
0.0813522
0.101453
0.0929581
0.0984652
0.109798
0.125365
0.111969
0.10027
0.120118
0.133607
0.126863
0.0951439
0.0801505
0.106
0.0859274
0.0942989
0.0817818
0.0879737
0.0852733
0.095269
0.14843
0.108754
0.117698
0.115673
0.0984276
0.093082
0.111406
0.12909
0.0959526
0.081818
0.118426
0.0843923
0.081918
0.11685
0.0882789
0.0761242
0.0737352
0.0744443
0.0841274
0.0728232
0.0906817
0.0756498
0.0779769
0.0816398
0.0906543
0.0759387
0.0909397
0.0720008
0.0751367
0.111986
0.0995087
0.0757746
0.115177
0.0814468
0.0921993
0.1157
0.115705
0.0912901
0.102393
0.102047
0.115389
0.0821948
0.0954324
0.0905323
0.0907367
0.0839112
0.0967663
0.105077
0.0917356
0.0842928
0.075992
0.0855737
0.0763921
0.0946875
0.0760899
0.089582
0.0768192
0.0799611
0.0811612
0.0887815
0.0871763
0.0773124
0.0732149
0.0906929
0.095681
0.0873188
0.0824156
0.0802362
0.0895555
0.0975145
0.103472
0.0821035
0.0834967
0.0862704
0.118601
0.105805
0.105448
0.0983071
0.100521
0.0763877
0.0926076
0.0905812
0.114492
0.116137
0.105032
0.0913961
0.0887647
0.0864998
0.0866478
0.0698553
0.0749466
0.0872217
0.0702342
0.0913236
0.0991815
0.0663799
0.0941933
0.0742522
0.0874375
0.0773263
0.0955838
0.0715297
0.082101
0.0869886
0.103283
0.0803189
0.0720371
0.0863618
0.102579
0.079398
0.0798359
0.0755
0.0916234
0.0990287
0.0772972
0.0796553
0.0749858
0.0778868
0.0776682
0.0825241
0.0967444
0.0940919
0.0861369
0.0634224
0.0665811
0.0556294
0.0573635
0.0716189
0.0656475
0.0697794
0.0700797
0.0698638
0.0609332
0.0567666
0.075145
0.0894061
0.0623109
0.0606987
0.0604093
0.0720986
0.0660006
0.0758766
0.0793851
0.0702806
0.0932569
0.0712353
0.0604889
0.0790814
0.0820136
0.0690084
0.0810642
0.073652
0.0740896
0.0578991
0.0659532
0.0792308
0.0723039
0.0579044
0.0878136
0.0736866
0.0764942
0.0931599
0.0866665
0.0848669
0.0732897
0.0734247
0.0675635
0.0762864
0.0771358
0.0697178
0.105999
0.0563123
0.0791141
0.0800089
0.0890038
0.0719321
0.071059
0.0812511
0.0791758
0.0619788
0.0767497
0.0874021
0.0649822
