0.0818624
0.116939
0.0853923
0.0973211
0.0758073
0.0849585
0.0683242
0.0723543
0.0883723
0.110167
0.0815588
0.0922026
0.0782187
0.079655
0.0881126
0.0987253
0.0671312
0.0793933
0.0914955
0.0841337
0.0738768
0.0925121
0.0948019
0.0885802
0.0876613
0.0889593
0.100488
0.108319
0.109082
0.0838287
0.0738811
0.0811804
0.0944951
0.0860832
0.0934858
0.0804897
0.0929683
0.0717716
0.0777453
0.0933395
0.0947877
0.0794127
0.0768864
0.118627
0.102327
0.0770345
0.0817006
0.101284
0.0930764
0.0610436
0.0810085
0.0809379
0.0968319
0.0846415
0.0898394
0.0817788
0.0671184
0.091446
0.0876463
0.0897512
0.085951
0.0815182
0.0722342
0.0945084
0.0913475
0.0951159
0.0803036
0.0626203
0.0661788
0.0906009
0.0758354
0.0979465
0.0705012
0.0786201
0.0699376
0.079237
0.0858514
0.0937999
0.0731108
0.0916381
0.0676242
0.0973563
0.0835614
0.0898145
0.0942305
0.0933155
0.0851921
0.0974293
0.0894049
0.0851965
0.0985847
0.0921074
0.0788375
0.105266
0.0936658
0.0790277
0.0735376
0.0994249
0.0868781
0.105135
0.0989107
0.0897916
0.0658779
0.0726618
0.0891302
0.0935389
0.0852895
0.0809263
0.0731513
0.0841134
0.0756001
0.0724141
0.0608721
0.103936
0.0788899
0.0696297
0.0597836
0.0659465
0.0719038
0.0618027
0.0683141
0.0634385
0.0582391
0.0752532
0.0744049
0.0725326
0.0641396
0.0717597
0.0722504
0.070778
0.0681753
0.0742281
0.0927487
0.0795398
0.0672056
0.0639661
0.0860081
0.0895152
0.0704406
0.0791083
0.0727731
0.0679365
0.0792937
0.0665607
0.0732209
0.068202
0.0657835
0.0799669
0.0780444
0.070914
0.0639708
0.0679024
0.0902606
0.0793994
0.0661504
0.0794851
0.0796872
0.0605773
0.0658111
0.0669314
0.0910011
0.0700461
0.0698514
0.0842768
0.0802861
0.0588673
0.0967608
0.0814467
0.0611695
0.0745049
0.100944
0.0954256
0.0919316
0.0960701
0.0802258
0.0862516
0.0691112
0.080485
0.0958272
0.0824902
0.0664223
0.0993036
0.0776269
0.0817356
0.0677836
0.0709984
0.0851274
0.0648509
0.077486
0.0793554
0.0824098
0.0696594
0.0778595
0.0766064
0.0695491
0.0616771
0.0631399
0.0760395
0.0912695
0.0680176
0.0753888
0.0675755
0.0695952
0.0684628
0.0775539
0.0963295
0.0684661
0.0776244
0.071718
0.0692174
0.0965384
0.0714731
0.0788657
0.0798338
0.0700129
0.0939218
0.0706305
0.0714832
0.0672389
0.0729703
0.0698884
0.0839652
0.0808755
0.0620724
0.108815
0.0924446
0.0680466
0.103348
0.0771498
0.109981
0.0964069
0.0639384
0.0805991
0.0840763
0.0796208
0.110199
0.106089
0.0755758
0.117243
0.094807
0.0774425
0.105741
0.102457
0.0936562
0.112362
0.104112
0.0795102
0.0893579
0.0920834
0.0956523
0.0718583
0.0929934
0.0968527
0.073224
0.0811948
0.0978851
0.0958368
0.0720231
0.0896282
0.0781176
0.0885511
0.102449
0.0999872
0.0864619
0.0672046
0.101281
0.0636627
0.0803473
0.111308
0.090981
0.0789808
0.0663
0.100558
0.0946934
0.0939031
0.0915854
0.0964394
0.0716106
0.0968992
0.0704491
0.0769351
0.0995479
0.107192
0.0647161
0.102628
0.0837806
0.0712898
0.0851381
0.0862911
0.0853887
0.09382
0.0965059
0.0841898
0.0701724
0.0794362
0.0834914
0.0724233
0.0933422
0.0922792
0.0669133
0.0716748
0.0870068
0.0889665
0.0740933
0.070282
0.0975789
0.0914442
0.0717567
0.0953813
0.0869527
0.0713287
0.102624
0.0793135
0.0792881
0.106323
0.0965564
0.0869305
0.108957
0.106444
0.0805218
0.077323
0.0930915
0.0882895
0.0891
0.104646
0.0796561
0.064261
0.100056
0.0712045
0.0854397
0.0823207
0.0861722
0.0951921
0.070663
0.0928394
0.10887
0.084643
0.0736345
0.0914435
0.0775305
0.0927075
0.0739744
0.0956931
0.109088
0.0762419
0.0901598
0.076896
0.0672251
0.0650135
0.0702511
0.0880464
0.0915735
0.0724746
0.0682761
0.0731782
0.0833282
0.0846151
0.0832056
0.0839228
0.0632831
0.101252
0.0906343
0.0729257
0.0728077
0.0829837
0.0774039
0.103515
0.100641
0.0816269
0.108572
0.0870531
0.0645475
0.0688972
0.0964164
0.0787629
0.0730944
0.0646866
0.0902904
0.0852111
0.0680632
0.065105
0.0756595
0.0963794
0.0793062
0.0736285
0.0678553
0.0659937
0.0740314
0.118906
0.0933032
0.0861496
0.0808572
0.0856974
0.111603
0.0693148
0.0866638
0.112309
0.0879216
0.105276
0.0847381
0.0782263
0.10294
0.0854163
0.0942192
0.0916229
0.0902892
0.0997247
0.127422
0.0987871
0.0964183
0.121159
0.101847
0.105082
0.090543
0.103055
0.101885
0.110733
0.069606
0.0828528
0.120803
0.100196
0.0917144
0.0813226
0.0854763
0.0648637
0.0718997
0.0920748
0.107696
0.0992853
0.0887061
0.097172
0.0687347
0.091948
0.0781268
0.0791614
0.097268
0.0883241
0.0791193
0.0733922
0.0831466
0.0774605
0.100658
0.0859957
0.0933704
0.0642085
0.0699335
0.0669038
0.0762649
0.0711686
0.0823031
0.0984756
0.103827
0.0957551
0.0892633
0.0910967
0.0989689
0.0780287
0.103112
0.0723895
0.0997707
0.102627
0.0843329
0.0763776
0.089578
0.101543
0.101898
0.0988047
0.0907886
0.0866642
0.0788748
0.0984397
0.0988662
0.0949202
0.0988638
0.100048
0.114482
0.099563
0.0798789
0.0759697
0.0788359
0.0962131
0.101864
0.102197
0.109856
0.0785484
0.0889496
0.0832071
0.0886387
0.0963215
0.100519
0.0929029
0.0708695
0.105899
0.0863246
0.0748347
0.118306
0.0877992
0.0794954
0.0752017
0.0707647
0.0865895
0.0923576
0.0841361
0.0844578
0.0926175
0.092209
0.0855419
0.103276
0.0919537
0.0849721
0.0836827
0.0688788
0.0750647
0.0859231
0.0979748
0.0690716
0.070427
0.0857517
0.0789137
0.0866275
0.0890555
0.0767301
0.0789176
0.105453
0.0888029
0.0834836
0.117946
0.089173
0.0934824
0.0984727
0.118724
0.116277
0.119262
0.0848388
0.108068
0.10677
0.117438
0.105243
0.0990832
0.0882465
0.0841586
0.0908457
0.0916585
0.0748996
0.124426
0.11685
0.0815219
0.0749695
0.0793396
0.0851967
0.0698614
0.0855594
0.0889059
0.0896881
0.107346
0.105399
0.0977672
0.1064
0.0795027
0.101485
0.0714388
0.0840533
0.0733438
0.0715377
0.068438
0.0802788
0.067419
0.100935
0.0981547
0.0937404
0.110011
0.0869853
0.0995861
0.079859
0.107986
0.08783
0.0870116
0.0791284
0.113375
0.0930892
0.107479
0.0934216
0.078758
0.0925922
0.0933829
0.104449
0.0907293
0.0952975
0.0919951
0.0801538
0.0919677
0.0755083
0.0887876
0.105072
0.100477
0.0978683
0.0928394
0.0916034
0.0846573
0.0788387
0.0786235
0.0835488
0.0767961
0.081316
0.109928
0.0815604
0.0752685
0.0809919
0.0782374
0.0742072
0.0673909
0.0875438
0.117384
0.11779
0.0710404
0.0814393
0.0733421
0.0715563
0.0797106
0.106724
0.100304
0.0787682
0.08721
0.0847103
0.0766336
0.0847946
0.110945
0.0942334
0.0916533
0.0740767
0.0862476
0.0732269
0.109197
0.0837613
0.0785529
0.0833497
0.100134
0.0941773
0.10317
0.103838
0.0911747
0.0957951
0.0788749
0.0860707
0.0767878
0.093656
0.120581
0.120297
0.0945676
0.111611
0.115641
0.114635
0.108669
0.12039
0.100374
0.0927559
0.0922391
0.106821
0.0940684
0.0964887
0.0965248
0.12431
0.0972292
0.10451
0.10769
0.124877
0.0962697
0.0983817
0.117694
0.0833
0.0913578
0.091645
0.0946324
0.142344
0.101505
0.0767691
0.0874079
0.0961435
0.129088
0.103532
0.0962141
0.10665
0.0865203
0.100337
0.0945542
0.0844933
0.103495
0.102295
0.171087
0.123058
0.100088
0.105172
0.0979352
0.0927182
0.0896252
0.0862396
0.100165
0.0963904
0.0881708
0.0769687
0.0836389
0.0885312
0.0844257
0.0971892
0.084871
0.0790438
0.0947122
0.0812462
0.0844999
0.0859549
0.0751159
0.100245
0.0989338
0.0841807
0.116894
0.10883
0.111528
0.126744
0.106079
0.119105
0.0967022
0.0841508
0.108561
0.0832629
0.113915
0.119824
0.10372
0.100379
0.103965
0.0799687
0.0884502
0.0870516
0.0778093
0.0912508
0.0921666
0.0829708
0.0755176
0.0745462
0.0727447
0.086174
0.0832679
0.088041
0.104942
0.112936
0.10873
0.111894
0.117721
0.132108
0.0963158
0.0984923
0.0855562
0.127725
0.112502
0.124656
0.127004
0.134697
0.12991
0.10929
0.101457
0.101928
0.119604
0.11891
0.078925
0.0943778
0.114639
0.0835604
0.11886
0.12735
0.103843
0.127632
0.102749
0.113484
0.0912209
0.0922609
0.0954444
0.107542
0.0924014
0.0974445
0.0953629
0.0727702
0.0863085
0.0830871
0.118918
0.0738594
0.0974382
0.102589
0.103322
0.0771678
0.0702612
0.0873216
0.0819089
0.0951983
0.0955658
0.118293
0.103558
0.0773795
0.084415
0.0876094
0.0880477
0.103523
0.116208
0.0973439
0.0769194
0.0959329
0.095895
0.0899989
0.0762039
0.0882342
0.0993536
0.077044
0.106635
0.103751
0.104972
0.110313
0.0944053
0.0905599
0.0892445
0.0932051
0.0890699
0.112687
0.106645
0.0834452
0.0841175
0.0783065
0.076294
0.0910201
0.0887784
0.120593
0.0888229
0.087362
0.102839
0.0789198
0.0952436
0.10449
0.0871916
0.0967816
0.119577
0.0909931
0.0852992
0.0825149
0.0765977
0.0742864
0.0765776
0.0809734
0.0806027
0.0879912
0.124501
0.0980593
0.0947836
0.100064
0.0908708
0.103043
0.0989395
0.107065
0.130466
0.100472
0.0858299
0.0998347
0.110661
0.0908267
0.105566
0.121435
0.103345
0.127963
0.114498
0.118475
0.126691
0.103285
0.131421
0.123174
0.134568
0.0977502
0.109159
0.104486
0.114091
0.131926
0.121339
0.110567
0.12392
0.103592
0.101937
0.107556
0.103885
0.0947465
0.114571
0.134697
0.125802
0.124574
0.0994329
0.105769
0.105925
0.115628
0.0968479
0.129848
0.108168
0.104047
0.0713689
0.0903085
0.0755322
0.0982808
0.0880784
0.0959129
0.100422
0.109347
0.106664
0.0820989
0.101986
0.0843223
0.110862
0.106641
0.107177
0.127625
0.10754
0.0934671
0.088441
0.0993309
0.0912843
0.10463
0.0885813
0.133153
0.106228
0.0753252
0.0808925
0.0874529
0.093576
0.11367
0.100202
0.10362
0.117821
0.0813719
0.0978672
0.106839
0.117432
0.102019
0.113652
0.0862813
0.0902126
0.0827916
0.0855205
0.124244
0.10606
0.0962193
0.132699
0.101762
0.114468
0.08897
0.0882021
0.0869582
0.077812
0.0844443
0.0770276
0.0978147
0.0901276
0.080948
0.0945345
0.0916969
0.0800736
0.0807871
0.0751154
0.0937895
0.0883531
0.0925901
0.0738959
0.0736829
0.0905538
0.0674423
0.0842165
0.078716
0.0713437
0.0898475
0.0833649
0.0756253
0.0937057
0.0922179
0.0988864
0.0790361
0.0844218
0.0736216
0.0875599
0.08869
0.0826928
0.0731674
0.100249
0.0819151
0.0744488
0.0935313
0.0992081
0.0899156
0.0938074
0.0830703
0.0926065
0.0808574
0.102682
0.125102
0.103969
0.106268
0.11325
0.116284
0.123627
0.122074
0.0865398
0.0991725
0.0982473
0.0936619
0.0887591
0.082754
0.0791483
0.101164
0.0883933
0.0833654
0.0941621
0.090436
0.0945764
0.0845314
0.109252
0.115018
0.0930159
0.107211
0.114883
0.109696
0.118077
0.0815191
0.0994465
0.109329
0.107595
0.0922475
0.104711
0.108529
0.114244
0.136955
0.0989314
0.107001
0.129405
0.111822
0.110794
0.103097
0.12176
0.106749
0.102698
0.105441
0.104105
0.10972
0.0941416
0.0957135
0.0865506
0.0910169
0.102258
0.109709
0.108332
0.110453
0.118294
0.106608
0.103937
0.0848375
0.101626
0.105307
0.106756
0.104819
0.0973212
0.102729
0.101396
0.110507
0.105178
0.115802
0.103757
0.106804
0.0838233
0.0900545
0.0823698
0.0903459
0.0941305
0.0877821
0.0859899
0.105023
0.133502
0.105791
0.108195
0.110479
0.110707
0.124759
0.109221
0.121831
0.101697
0.100774
0.1284
0.106325
0.110756
0.0913096
0.101323
0.0890202
0.0872126
0.0922461
0.0974744
0.0762144
0.0945495
0.0985389
0.103919
0.102704
0.0937269
0.0883475
0.0764176
0.0979034
0.090201
0.0758809
0.0868193
0.0786316
0.095574
0.0705985
0.0944597
0.116249
0.0944602
0.101431
0.103353
0.106412
0.104775
0.130621
0.105079
0.117573
0.12385
0.095347
0.109453
0.124753
0.0914629
0.0977005
0.113704
0.11483
0.104174
0.108458
0.109811
0.0917007
0.0856338
0.0842753
0.0810728
0.0948099
0.0863169
0.0784614
0.0755329
0.0904188
0.0991304
0.0893706
0.0903884
0.1146
0.101685
0.118462
0.0945739
0.107506
0.0927526
0.0956241
0.109975
0.106308
0.0958638
0.121361
0.101763
0.128001
0.126415
0.101874
0.11103
0.0936558
0.0891511
0.0687554
0.118713
0.0999658
0.129981
0.108024
0.098653
0.111853
0.129095
0.0983778
0.108791
0.0913486
0.119634
0.0967546
0.122419
0.0993563
0.0923687
0.111969
0.0905186
0.0989244
0.0876643
0.0836496
0.0825833
0.0909051
0.0928791
0.120717
0.0868655
0.0865983
0.110439
0.107212
0.106748
0.125517
0.121235
0.0846978
0.0968163
0.103845
0.0919241
0.0926362
0.0915496
0.109127
0.11229
0.107658
0.10021
0.13189
0.120772
0.103173
0.0951779
0.134592
0.108646
0.116285
0.110664
0.120305
0.128287
0.109372
0.116048
0.112412
0.0936798
0.0883369
0.102469
0.106895
0.108743
0.100365
0.105678
0.0787326
0.104556
0.128513
0.101536
0.115294
0.101047
0.0951934
0.111807
0.101855
0.118645
0.0942307
0.10202
0.0976918
0.104136
0.108397
0.0919597
0.131901
0.113492
0.104439
0.104289
0.122431
0.118104
0.102641
0.100424
0.102026
0.101328
0.112012
0.11988
0.112418
0.116816
0.102715
0.110872
0.113525
0.118517
0.108517
0.118899
0.108995
0.122065
0.102203
0.0882809
0.0949685
0.0832731
0.0976334
0.0947062
0.099169
0.0918665
0.0838328
0.0809754
0.0921172
0.0810725
0.0868097
0.0920788
0.101478
0.0815664
0.0963918
0.0983705
0.0941292
0.082039
0.0881189
0.0870434
0.0937233
0.0758903
0.113932
0.0784139
0.100511
0.0961978
0.0927564
0.076972
0.0932056
0.0831311
0.0768766
0.119494
0.106066
0.104589
0.0965356
0.0935186
0.0768301
0.0984528
0.125512
0.126087
0.12037
0.111252
0.114257
0.0862843
0.0984231
0.105894
0.0906563
0.0934138
0.0847472
0.130839
0.107848
0.113391
0.154453
0.0985018
0.132571
0.109989
0.106423
0.107233
0.121988
0.106854
0.0996886
0.0866723
0.0832418
0.0871563
0.0917371
0.0964892
0.103206
0.117658
0.0867897
0.123326
0.0909807
0.105444
0.0938293
0.107445
0.0903464
0.0840746
0.0856848
0.0997014
0.107412
0.0938809
0.0869108
0.0987313
0.0903453
0.0976282
0.0867038
0.0786302
0.0764201
0.0892041
0.0952977
0.091275
0.0843254
0.0860353
0.0721256
0.0837397
0.0981977
0.0911264
0.0838748
0.0774462
0.0666199
0.0716535
0.0850934
0.0999888
0.097436
0.0962692
0.0608588
0.0943287
0.0722138
0.0949899
0.0795166
0.0694042
0.0591877
0.0775901
0.083208
0.0906771
0.0735763
0.0878678
0.0677669
0.0623396
0.0671567
0.0680024
0.0779324
0.0626727
0.0670414
0.0636857
0.083088
0.0538597
0.063888
0.0534755
0.0657158
0.0571783
0.0629132
0.0745123
0.0645963
0.065154
0.0546325
0.0558544
0.0809692
0.0830759
0.073366
0.0696661
0.0862352
0.058947
0.0929694
0.076232
0.0684754
0.0947189
0.0668474
0.0819955
0.0874059
0.0629804
0.0876329
0.061235
0.0848956
0.0747307
0.0615775
0.105987
0.0762145
0.0739979
0.0799272
0.0782702
0.0841472
0.0692373
0.0773523
0.0770375
0.0660589
0.083007
0.0879424
0.082162
0.0733315
0.0880987
0.0797981
0.085044
0.0819144
0.0949013
0.0900827
0.0685388
0.0842162
0.0617451
