0.121086
0.10152
0.0924165
0.0880922
0.0597461
0.0920004
0.0666537
0.0628461
0.0809013
0.0829082
0.080207
0.0969303
0.0862356
0.0903121
0.0737395
0.124959
0.0820195
0.108488
0.0861231
0.0783545
0.0880902
0.100724
0.0897846
0.0775278
0.0826192
0.0877683
0.0601897
0.088259
0.0924875
0.0932507
0.0690213
0.0842456
0.0778679
0.0688039
0.070288
0.0744569
0.0716352
0.0717856
0.0910887
0.0843256
0.070922
0.0704762
0.081329
0.0865105
0.0941547
0.0698751
0.069105
0.094105
0.0761072
0.0848259
0.0719711
0.0779125
0.0703293
0.0659642
0.0614761
0.0628018
0.0750323
0.0851124
0.0863331
0.0877408
0.0761396
0.116456
0.0825229
0.0719161
0.0797963
0.0617518
0.0958652
0.0769722
0.0916287
0.101365
0.109756
0.0888739
0.102982
0.0949636
0.0906016
0.105025
0.0694338
0.0921235
0.0962477
0.105758
0.08323
0.0677572
0.0780036
0.0900648
0.0924772
0.0690269
0.0644049
0.0765419
0.0869172
0.0954474
0.0680845
0.0928749
0.0974856
0.0930875
0.0677216
0.0762204
0.0921626
0.074845
0.0706307
0.0828446
0.0713555
0.0782266
0.0735088
0.0658926
0.0717291
0.0946974
0.0714412
0.0896496
0.0737386
0.0811383
0.0757534
0.0832673
0.0835718
0.0897189
0.0773252
0.0799076
0.0770345
0.0691648
0.0631751
0.0556489
0.0698954
0.0890857
0.0721903
0.061872
0.0650151
0.0575929
0.071063
0.0721503
0.0640077
0.0622089
0.0982434
0.0770801
0.0676704
0.0627877
0.0545866
0.070201
0.0653164
0.0727619
0.0732485
0.080833
0.0848849
0.062912
0.0910133
0.0649599
0.0613543
0.0974646
0.0712623
0.0744145
0.0702209
0.0810563
0.069611
0.0763652
0.0735819
0.0582745
0.0958101
0.0861481
0.0678494
0.0694534
0.0894552
0.0690397
0.0781599
0.0717707
0.0796195
0.0790217
0.0700671
0.0593003
0.0753011
0.0665192
0.0688577
0.0705852
0.0882777
0.0864109
0.0659478
0.108006
0.101858
0.0628404
0.0676779
0.0926958
0.0651454
0.0629702
0.0789081
0.0912646
0.0847896
0.0668023
0.0786614
0.0840928
0.0625904
0.07762
0.0956292
0.0715642
0.0902632
0.0930153
0.0734066
0.0994765
0.0867782
0.0728461
0.0949371
0.0818401
0.08118
0.0678616
0.0671655
0.0668771
0.0699633
0.104852
0.0828125
0.0862882
0.0705004
0.077422
0.0805228
0.0801767
0.0889989
0.0690858
0.0779752
0.112143
0.0908289
0.0660113
0.075816
0.0910722
0.0918925
0.0701172
0.102631
0.0890344
0.0645739
0.0844553
0.0876401
0.0937035
0.0997703
0.0829779
0.0778981
0.0867402
0.0933987
0.0897504
0.089151
0.0857171
0.0771748
0.0863796
0.0803205
0.0960287
0.0870684
0.076003
0.0883392
0.0815016
0.0949969
0.0867799
0.0787606
0.0964985
0.0847256
0.0779931
0.0924312
0.0962627
0.0916218
0.0649009
0.0692041
0.0952334
0.0865157
0.0766209
0.0689915
0.0968986
0.0964505
0.0861395
0.0739014
0.103829
0.0895612
0.0827706
0.0708375
0.0660213
0.074338
0.0748388
0.0803667
0.0684953
0.0825312
0.0854361
0.0865106
0.0762923
0.0895524
0.0728012
0.0665036
0.0658504
0.0951645
0.076097
0.0879724
0.0747938
0.10559
0.0737559
0.0653753
0.0784447
0.0599731
0.0899295
0.0705239
0.0918782
0.108456
0.0747025
0.0755682
0.0768383
0.0745386
0.0766593
0.10794
0.0713184
0.110452
0.0955611
0.0740622
0.0899529
0.0818843
0.0796049
0.0757555
0.0975878
0.0795486
0.0729118
0.097794
0.0955117
0.0730582
0.0843612
0.0794549
0.0848279
0.0797282
0.0732638
0.10972
0.0822129
0.0949928
0.0830869
0.0764479
0.0692716
0.0911159
0.102104
0.0783306
0.0852588
0.0885259
0.0810185
0.0791171
0.0616193
0.105947
0.0863684
0.0783493
0.062636
0.0704902
0.100769
0.0708318
0.0885269
0.104777
0.0884828
0.0716345
0.109832
0.0962768
0.0750187
0.0821628
0.0967355
0.0968379
0.0710632
0.0883058
0.0887728
0.0884754
0.0782102
0.0694076
0.0888647
0.10272
0.0661779
0.0660494
0.0848113
0.0905108
0.0803167
0.0796993
0.083428
0.103144
0.0818223
0.0820013
0.0719446
0.0861503
0.0991854
0.0924494
0.0754259
0.0737165
0.0790145
0.105024
0.0903175
0.0683354
0.0962668
0.0956289
0.068305
0.069074
0.0925034
0.0950697
0.065196
0.100509
0.0872048
0.0790165
0.0866988
0.0768802
0.108222
0.0843448
0.110803
0.0859688
0.0714181
0.0987938
0.0861956
0.0980071
0.0815202
0.0736607
0.0804058
0.0922217
0.0967736
0.0886326
0.102638
0.0953064
0.0976484
0.0861608
0.0968154
0.0896069
0.0892655
0.0854632
0.0701297
0.0736373
0.118462
0.0786774
0.0939729
0.0705505
0.1009
0.0814914
0.0680207
0.0965314
0.0912755
0.0991967
0.0865524
0.0929543
0.0820774
0.0715511
0.0899074
0.0984267
0.0850362
0.0952618
0.0714527
0.0658737
0.091216
0.0772208
0.104313
0.0989578
0.0785656
0.0795637
0.1054
0.0827715
0.0857858
0.0842095
0.0830166
0.0875859
0.0947363
0.102732
0.0909023
0.0843647
0.0900551
0.0852019
0.0665354
0.0860335
0.0956892
0.0879141
0.0901385
0.0831933
0.0804272
0.10348
0.0911791
0.0754022
0.0923744
0.0901823
0.0791252
0.092328
0.09525
0.0675489
0.104241
0.0935806
0.0934803
0.109396
0.0949572
0.0991162
0.0883721
0.0714093
0.0850381
0.0816459
0.0987168
0.0964008
0.0869482
0.100303
0.0867966
0.106725
0.0931233
0.0744725
0.106999
0.0953949
0.0860171
0.121597
0.0784774
0.116504
0.105241
0.0902044
0.0895436
0.0861173
0.073993
0.0935521
0.123528
0.103121
0.0833395
0.100054
0.116918
0.0720858
0.0849613
0.0767362
0.0747203
0.109762
0.0814797
0.0638418
0.0672664
0.0836281
0.0876819
0.0833237
0.0904069
0.0968771
0.0949723
0.0713185
0.0920404
0.0751795
0.0774008
0.0763734
0.08927
0.0818933
0.0710079
0.0678581
0.0663777
0.0847572
0.0930786
0.0592806
0.0633686
0.0669516
0.10778
0.0852795
0.0716838
0.0725251
0.0755927
0.0686204
0.0986727
0.0761854
0.0978154
0.120214
0.101454
0.10371
0.0872639
0.0811337
0.0751629
0.0731108
0.0755614
0.1175
0.100859
0.0935762
0.0969299
0.0978016
0.10032
0.0822084
0.118358
0.0934146
0.0896191
0.112318
0.0868184
0.079156
0.0873287
0.0734179
0.084375
0.0856893
0.0837038
0.0770896
0.084543
0.0718835
0.0904817
0.0764811
0.0724328
0.0878882
0.0871622
0.0731641
0.0785829
0.0796842
0.0734109
0.090287
0.0795677
0.0910733
0.0935587
0.0971583
0.0995263
0.0957511
0.103761
0.0885643
0.0975447
0.0927801
0.084026
0.106827
0.080381
0.0919744
0.0927927
0.107807
0.1099
0.090364
0.0745938
0.0762337
0.0852026
0.113992
0.100165
0.0957165
0.0870782
0.103035
0.102263
0.0812946
0.0826406
0.0939672
0.0908324
0.0698511
0.0733754
0.104582
0.0851238
0.0687713
0.0553902
0.0904895
0.0851131
0.0875362
0.0689762
0.0742026
0.0667155
0.0740578
0.0738725
0.0650546
0.0654176
0.0947334
0.0780688
0.0879287
0.0688946
0.0653265
0.06709
0.0658621
0.0731356
0.0805717
0.0988737
0.0851717
0.0807164
0.0803236
0.07988
0.0642681
0.0663877
0.0761783
0.102476
0.0888393
0.0905394
0.0825537
0.0816405
0.075754
0.0888569
0.100278
0.0921494
0.0723784
0.0933064
0.111268
0.0649146
0.0827722
0.0730634
0.0712403
0.0879877
0.072087
0.0868164
0.0709797
0.104747
0.0965054
0.083919
0.0720326
0.0724223
0.0844945
0.0850999
0.0838673
0.0728185
0.103587
0.0764581
0.0876265
0.0910597
0.0909541
0.0752741
0.0736393
0.0835545
0.0795219
0.118984
0.122628
0.0927111
0.104604
0.0927622
0.105932
0.0870304
0.0655084
0.0759179
0.0897063
0.0767223
0.0709279
0.0715268
0.080945
0.115099
0.0777912
0.103689
0.132132
0.109798
0.0892348
0.112078
0.0880378
0.0953229
0.115762
0.10736
0.0940799
0.0953212
0.10085
0.100178
0.103309
0.11304
0.116328
0.102752
0.0891077
0.0861839
0.0853207
0.147696
0.103352
0.115605
0.231968
0.110861
0.101542
0.130201
0.103198
0.119412
0.117802
0.130124
0.105333
0.104976
0.104943
0.100207
0.125826
0.100774
0.0957283
0.0923218
0.114078
0.103252
0.0792872
0.0943763
0.100871
0.12267
0.121488
0.115054
0.0992626
0.125921
0.133373
0.105226
0.119783
0.106008
0.095277
0.145565
0.108669
0.0812632
0.0863022
0.082174
0.0832428
0.081903
0.084397
0.0896208
0.102917
0.0919145
0.0916875
0.115209
0.125143
0.129312
0.104463
0.102181
0.0915557
0.095748
0.0920962
0.0853041
0.0880887
0.110674
0.099373
0.116186
0.128711
0.110267
0.1106
0.103255
0.119307
0.10565
0.124712
0.102407
0.104381
0.0952824
0.0966042
0.104942
0.0951986
0.0918836
0.102111
0.115395
0.0777674
0.0878986
0.0781143
0.0906036
0.0989135
0.0846512
0.0876527
0.073525
0.0794329
0.0953728
0.0944615
0.108336
0.0907237
0.101197
0.0930742
0.0739269
0.0725094
0.0803101
0.082449
0.105327
0.0927149
0.0854588
0.0953229
0.0864509
0.0686244
0.0949881
0.087007
0.0945389
0.0900104
0.0921875
0.103289
0.0972427
0.118672
0.08385
0.0971723
0.11931
0.0938428
0.0998943
0.0931532
0.106065
0.0964113
0.0896386
0.0870983
0.0846205
0.092604
0.10669
0.124088
0.0933635
0.10318
0.0786529
0.0823163
0.107639
0.0842599
0.0880505
0.0837043
0.0835444
0.0969312
0.110945
0.082994
0.097511
0.115069
0.113178
0.0921543
0.0673402
0.102923
0.114512
0.0983093
0.0862611
0.0862388
0.0957852
0.0915116
0.1014
0.120007
0.101302
0.0708723
0.0716198
0.0711832
0.085142
0.101746
0.100981
0.115492
0.104775
0.084309
0.0812489
0.116863
0.114439
0.115425
0.0849694
0.0927512
0.0988091
0.125527
0.0912279
0.10952
0.114671
0.0917603
0.120117
0.108473
0.11038
0.0889354
0.0943163
0.0760453
0.0822641
0.0926127
0.107906
0.102491
0.104183
0.124457
0.107988
0.10415
0.123125
0.124967
0.107885
0.0990523
0.0937741
0.0875228
0.116276
0.119839
0.137422
0.11008
0.112614
0.0958856
0.107828
0.136612
0.140483
0.11661
0.0951514
0.111589
0.107588
0.0848161
0.118244
0.102087
0.118827
0.0953927
0.105473
0.0787548
0.0984544
0.129482
0.109862
0.0797789
0.0952102
0.0827417
0.0918665
0.0869851
0.0960526
0.102183
0.103005
0.12498
0.100331
0.0940609
0.101624
0.0695478
0.0725824
0.0807173
0.0699795
0.0677328
0.0691438
0.0884341
0.0782933
0.109056
0.0721472
0.074316
0.0973639
0.0928786
0.10656
0.0874746
0.100197
0.0979916
0.0725862
0.0967657
0.124411
0.0976749
0.13857
0.114993
0.0862032
0.0942269
0.0900055
0.0896672
0.0778958
0.0717386
0.0881742
0.0744542
0.0839545
0.0797274
0.0815725
0.0782526
0.0906192
0.0959384
0.0975306
0.0899828
0.134953
0.083363
0.132952
0.0986349
0.120566
0.0980035
0.0785022
0.0933203
0.0992925
0.0906689
0.0859362
0.102309
0.0815911
0.0875241
0.0912988
0.0891146
0.0866761
0.0911818
0.0995263
0.104749
0.111518
0.115009
0.113908
0.0920045
0.126247
0.101535
0.0801666
0.0961375
0.0932528
0.085643
0.113781
0.111998
0.0972705
0.109694
0.0924967
0.129698
0.14647
0.129014
0.102181
0.0895649
0.0815464
0.0885175
0.0965183
0.0904943
0.0921669
0.113466
0.0950662
0.108271
0.0887055
0.0962436
0.0926051
0.0814513
0.0943691
0.0858933
0.109218
0.132219
0.0908418
0.0855786
0.0865131
0.0980792
0.0998774
0.125958
0.128001
0.106415
0.0868374
0.0825294
0.0985576
0.096605
0.131126
0.119009
0.112421
0.125577
0.0996623
0.123986
0.102546
0.124106
0.102418
0.091353
0.106174
0.0936485
0.0999852
0.104777
0.105148
0.104545
0.103034
0.105754
0.0979396
0.0964982
0.108491
0.12634
0.106832
0.0917464
0.0981477
0.0950207
0.0936568
0.0997822
0.10779
0.100625
0.121018
0.121453
0.109499
0.11757
0.103304
0.0987222
0.107546
0.113195
0.0868663
0.101035
0.116436
0.110013
0.104201
0.10694
0.105894
0.107779
0.131086
0.124916
0.137338
0.123784
0.0969102
0.10486
0.105146
0.0831206
0.108757
0.130989
0.158289
0.127314
0.0901524
0.117841
0.11656
0.0989799
0.0794447
0.10655
0.0907596
0.0957916
0.110295
0.0975217
0.134745
0.100974
0.115143
0.0947838
0.0876921
0.122024
0.123566
0.108031
0.104044
0.119351
0.107987
0.116352
0.109903
0.095086
0.10479
0.0953123
0.123676
0.107504
0.131906
0.0936384
0.121935
0.081708
0.0990393
0.109224
0.0983616
0.137758
0.0976112
0.0935021
0.0798431
0.0777701
0.0954483
0.0939325
0.108458
0.111246
0.104474
0.113647
0.0848266
0.113631
0.0811758
0.0941402
0.0914621
0.0790278
0.0950471
0.0854243
0.0798453
0.115441
0.0936563
0.0997957
0.0834649
0.088004
0.110112
0.118145
0.130664
0.119828
0.119897
0.103495
0.0898504
0.113688
0.0989864
0.129718
0.11907
0.0842598
0.101646
0.117121
0.109243
0.126286
0.0914015
0.0744859
0.105308
0.121958
0.100911
0.123156
0.0921036
0.095558
0.0735084
0.0691971
0.0923167
0.0721255
0.0727177
0.127215
0.095591
0.0917519
0.101157
0.125048
0.10514
0.0916461
0.0939372
0.112676
0.131435
0.104185
0.0967068
0.096968
0.0862115
0.128332
0.12662
0.135306
0.108187
0.127023
0.0978574
0.0807073
0.0917137
0.122838
0.108045
0.121106
0.115303
0.12195
0.133648
0.11819
0.108823
0.0897565
0.094104
0.114159
0.11177
0.111902
0.0922928
0.0854167
0.0898811
0.0961076
0.110701
0.0924569
0.130277
0.110481
0.111871
0.0818034
0.100867
0.111784
0.0980368
0.0861679
0.106825
0.123563
0.0839568
0.0888645
0.0799583
0.0846195
0.0822096
0.0938192
0.0893437
0.0779323
0.0781522
0.111455
0.132812
0.127675
0.100245
0.0965556
0.118425
0.0967593
0.107059
0.137928
0.101083
0.1189
0.0924756
0.0854831
0.102594
0.100054
0.0900848
0.0934268
0.0982868
0.0989841
0.0950811
0.0895096
0.100736
0.0812077
0.0910078
0.0903098
0.0770029
0.0937617
0.0945914
0.0883322
0.0835895
0.0945767
0.0849988
0.0947193
0.0969214
0.109441
0.0945009
0.0879171
0.0904266
0.0988098
0.103
0.0852331
0.0930166
0.0975068
0.0913575
0.0792874
0.11124
0.103256
0.0967941
0.0824314
0.0878834
0.0824458
0.0797779
0.0848928
0.108356
0.108412
0.108029
0.108383
0.0940684
0.109204
0.0948534
0.129892
0.11746
0.100454
0.10482
0.0909451
0.0859556
0.0982057
0.0849929
0.107493
0.087975
0.0927844
0.101964
0.0913576
0.0835798
0.10229
0.0851636
0.0824436
0.0942235
0.0828368
0.116157
0.0832582
0.0917128
0.0959837
0.0889959
0.0727422
0.102481
0.117116
0.0996473
0.0981233
0.0966259
0.0966173
0.131762
0.105859
0.0949009
0.0962954
0.0961973
0.0898036
0.100934
0.0837364
0.0972852
0.103632
0.0893403
0.0978298
0.104574
0.0892619
0.0938178
0.0871345
0.0843838
0.0943238
0.099299
0.0958834
0.0704898
0.0952367
0.0865794
0.0835392
0.0943311
0.113135
0.0809542
0.10061
0.0874144
0.0912899
0.076856
0.0841874
0.125375
0.0797274
0.0936295
0.0919159
0.0752073
0.0860724
0.0620864
0.0782074
0.0806489
0.0582371
0.0765743
0.0677339
0.0806288
0.0789322
0.0761565
0.0632733
0.0610418
0.0555831
0.063327
0.0578437
0.0613772
0.0558309
0.073519
0.0875851
0.0619564
0.0581053
0.0668741
0.0550454
0.0520847
0.0637578
0.0651807
0.0624205
0.052656
0.0741692
0.0700011
0.0831957
0.063059
0.0996812
0.0729444
0.0664378
0.0550813
0.0758383
0.0634835
0.0627634
0.0532252
0.0600028
0.0639461
0.0805311
0.0866431
0.0693063
0.083145
0.0653775
0.0920643
0.0621832
0.0582879
0.0692969
0.0834261
0.091927
0.0815994
0.0893615
0.0825444
0.0763438
0.0950456
0.0735056
0.0951041
0.113634
0.0758226
0.0762304
0.118844
0.112294
0.0907265
0.102207
0.0973088
0.102834
0.0698542
0.0761977
0.0624797
