0.0547978
0.101944
0.0628667
0.053787
0.084858
0.127825
0.171842
0.0535631
0.0463457
0.0397309
0.0359392
0.0404091
0.0452575
0.042505
0.0410451
0.0540128
0.0440892
0.0400031
0.0519382
0.0489885
0.050377
0.0447679
0.0483375
0.0468978
0.0420091
0.049424
0.0475431
0.0440949
0.0555337
0.044711
0.0407361
0.0441719
0.0506268
0.0443919
0.0451592
0.0449889
0.0452092
0.0510354
0.0476977
0.0417642
0.0524146
0.045478
0.0585971
0.0408749
0.0447225
0.0390321
0.0443168
0.0463541
0.0400459
0.0590879
0.0429995
0.0427875
0.0472781
0.049629
0.0519415
0.0485241
0.0590362
0.0466534
0.0468197
0.0459824
0.0545512
0.0452747
0.04686
0.052158
0.0540442
0.0442628
0.0479806
0.0408175
0.0492031
0.0502195
0.0476632
0.0561183
0.0444484
0.0459306
0.0539813
0.0531777
0.0556488
0.038426
0.0488458
0.0501817
0.0453395
0.0555329
0.042382
0.0495087
0.0530963
0.054989
0.0437851
0.0521766
0.0498175
0.0557272
0.0470203
0.0518868
0.0562041
0.0441079
0.0493759
0.0378241
0.0426268
0.0399145
0.0511247
0.0433066
0.0501373
0.0494389
0.0509596
0.0471586
0.0537984
0.045895
0.0486224
0.0486103
0.0504001
0.0478163
0.0513333
0.0432923
0.0449467
0.0452361
0.0433548
0.0460079
0.0504864
0.0382926
0.0413175
0.0453238
0.0373251
0.0492344
0.0450605
0.0429354
0.0389203
0.0517558
0.0457983
0.0407927
0.0538122
0.0564523
0.0503067
0.0557194
0.0472733
0.0536615
0.0547847
0.0547315
0.0525886
0.0545071
0.0580956
0.0471767
0.0472809
0.0508339
0.0615313
0.0419122
0.0375764
0.0371272
0.0450195
0.0549972
0.0540062
0.0468166
0.0457879
0.0431476
0.0525604
0.0478834
0.0448615
0.0528205
0.0491093
0.0571766
0.0540564
0.0457294
0.0405631
0.0430877
0.0510208
0.0510499
0.0471366
0.0488904
0.047988
0.0588683
0.045992
0.0585917
0.0578094
0.0625349
0.0522656
0.0472534
0.0484187
0.0550917
0.0554774
0.0445336
0.0415119
0.0427018
0.0506262
0.0415839
0.0454677
0.0481473
0.0477223
0.0504713
0.0460042
0.04214
0.0449998
0.0401397
0.0542879
0.051166
0.0631054
0.0588562
0.0560615
0.0407202
0.052312
0.0539322
0.0463059
0.0574907
0.0457889
0.0533959
0.0410686
0.037104
0.0538092
0.0523248
0.0476711
0.0492424
0.0543595
0.0592039
0.0502924
0.0503492
0.049896
0.0487111
0.0456146
0.0440425
0.0459503
0.0411832
0.0455239
0.043603
0.040811
0.0426533
0.0441364
0.0490875
0.0528455
0.0492092
0.0476178
0.0483183
0.0477776
0.0444923
0.0455146
0.0451682
0.0462063
0.050258
0.0530191
0.0352122
0.0443831
0.0475433
0.0492525
0.047362
0.0539855
0.0441148
0.0374467
0.0499472
0.0485591
0.0451002
0.0493332
0.044378
0.0501001
0.0380221
0.0358265
0.0393171
0.0526534
0.0456504
0.0522856
0.037801
0.0428015
0.0461972
0.0471575
0.0504827
0.0354498
0.0532891
0.0495179
0.0498762
0.0524613
0.0518072
0.0497031
0.0405936
0.0523925
0.0561615
0.0485493
0.0528238
0.0422384
0.0405381
0.0419836
0.0398239
0.0411199
0.0511299
0.0440164
0.0456333
0.0531214
0.0453548
0.0457469
0.0426012
0.0375202
0.038321
0.054404
0.0419801
0.0417013
0.0532053
0.0427053
0.0563834
0.0543924
0.0482072
0.0547234
0.0424875
0.0520513
0.0479112
0.041433
0.0410981
0.038339
0.0412202
0.0416733
0.0559888
0.0564448
0.0447179
0.0499305
0.0546047
0.0525181
0.0728438
0.0535603
0.0426246
0.0559141
0.0514795
0.0565308
0.0553079
0.0504613
0.0492775
0.0417777
0.0559152
0.049252
0.0371848
0.0467091
0.0406223
0.0455333
0.0456972
0.0441561
0.0449921
0.0473842
0.0508701
0.056343
0.0401206
0.0479329
0.0496679
0.0473471
0.0394273
0.04153
0.0525309
0.0553671
0.049769
0.043784
0.0384374
0.050091
0.0430067
0.0481266
0.0437046
0.0393653
0.0529347
0.0424237
0.0525352
0.0398132
0.0359533
0.0445194
0.0415817
0.0405186
0.047215
0.0470692
0.0434233
0.0405003
0.0468652
0.0425577
0.0366787
0.0475492
0.0497305
0.0372689
0.0344278
0.0502603
0.0491689
0.0506208
0.0495453
0.0458555
0.043092
0.0499561
0.0394862
0.0425534
0.0473065
0.0456657
0.045778
0.0515726
0.0489087
0.0472715
0.0392668
0.0419353
0.0488327
0.0419372
0.0369234
0.0402003
0.0472532
0.0379662
0.0417756
0.039461
0.0456328
0.0428009
0.0491889
0.052302
0.0569144
0.0563482
0.0489456
0.0549734
0.0467708
0.0458677
0.0524154
0.0520421
0.0518737
0.0413587
0.0435292
0.0456683
0.0526601
0.0460703
0.0519972
0.0524717
0.0529193
0.043363
0.0502711
0.0513002
0.0438671
0.0453759
0.0407739
0.0494638
0.0354516
0.0391543
0.043595
0.0534504
0.0476652
0.0488641
0.0424736
0.0546486
0.0450671
0.0437488
0.0421272
0.0457575
0.0549171
0.0496088
0.0439899
0.0447447
0.0453325
0.0400695
0.0398342
0.0433661
0.0415741
0.0501848
0.0450693
0.0527591
0.051701
0.0452823
0.0411704
0.05256
0.0369129
0.0428309
0.0367764
0.0400388
0.0468704
0.0458361
0.0353181
0.0456834
0.0401053
0.0321025
0.0274248
0.0367877
0.0370849
0.0367792
0.0444702
0.0383152
0.0358879
0.0320753
0.0289531
0.0433023
0.039375
0.0472017
0.04157
0.0389624
0.0360834
0.0376804
0.0510312
0.0445404
0.0377366
0.0346522
0.0419551
0.0383788
0.0353105
0.0354814
0.0444033
0.0533262
0.0416138
0.043772
0.033816
0.0363778
0.0439468
0.0560817
0.0415103
0.0361422
0.0383819
0.0508931
0.0454504
0.0409271
0.0546145
0.0359779
0.051208
0.0482572
0.0555535
0.0517406
0.0486872
0.041695
0.0412087
0.0480216
0.0444471
0.0498507
0.0558174
0.0524171
0.0472944
0.058938
0.0529847
0.0500138
0.0508662
0.0483504
0.0503189
0.0469522
0.0436801
0.0474092
0.0371068
0.0421717
0.0442166
0.039006
0.03992
0.0447399
0.0510666
0.0556083
0.0497631
0.0371439
0.05676
0.042352
0.0509912
0.0453248
0.0437544
0.0417533
0.0447247
0.050376
0.0453212
0.0500696
0.044413
0.0439858
0.0494989
0.0493899
0.0523972
0.0505558
0.0581592
0.0567998
0.045037
0.0601773
0.0454195
0.0570549
0.0611439
0.058696
0.0423308
0.04376
0.0456287
0.0483227
0.0490745
0.0399051
0.0437206
0.054042
0.0437563
0.0488427
0.0416701
0.0376779
0.0537516
0.0540639
0.0561411
0.0521922
0.0584902
0.0490804
0.0576074
0.0563619
0.0422645
0.0441683
0.0512406
0.0456323
0.0514186
0.0402677
0.0429842
0.0500937
0.0422011
0.0383361
0.0446514
0.0424333
0.0343852
0.0400535
0.0398256
0.0527977
0.0570224
0.0508733
0.0528919
0.0641677
0.0375881
0.0608709
0.0594005
0.0492966
0.0571275
0.0491661
0.0682982
0.0588494
0.0535823
0.0527084
0.0621794
0.0423883
0.0471646
0.061557
0.0740291
0.0435127
0.0478051
0.0448969
0.041858
0.0402031
0.0387464
0.0415502
0.0525103
0.0426457
0.0461384
0.0435371
0.046163
0.0474314
0.0444113
0.0435949
0.0439282
0.0365965
0.043115
0.0437221
0.0507705
0.0426606
0.0524036
0.0458047
0.0535871
0.049946
0.0363928
0.04726
0.0414399
0.0442475
0.0414671
0.039098
0.047158
0.0448547
0.0391916
0.0377931
0.0433189
0.0442761
0.0388844
0.0367908
0.0365241
0.0427026
0.0421586
0.0365972
0.0378003
0.0367983
0.0476546
0.0512702
0.0461719
0.0499506
0.058693
0.0414901
0.0512714
0.0315483
0.0486681
0.0374066
0.0323609
0.0485524
0.049252
0.0540998
0.0563617
0.0570453
0.0536012
0.0396954
0.0457431
0.0490806
0.0379221
0.0332084
0.0365577
0.0399399
0.0495535
0.0500976
0.0514014
0.0488291
0.052188
0.0571568
0.0435418
0.0533468
0.0526833
0.0465549
0.0499815
0.0512528
0.05418
0.0617317
0.0499708
0.047598
0.0421069
0.0550243
0.0567409
0.0526953
0.0415344
0.0564445
0.05699
0.0587638
0.0444028
0.0579086
0.046037
0.0461465
0.0494161
0.0529504
0.0563174
0.0463556
0.0394441
0.047224
0.0560732
0.0626168
0.0545909
0.0446192
0.0421432
0.0484842
0.0621842
0.0577923
0.0483901
0.0560513
0.0619141
0.0469395
0.0470743
0.0486684
0.0411746
0.0444414
0.0436416
0.0445551
0.0442261
0.0426834
0.0569506
0.0473124
0.0491915
0.0438074
0.0413762
0.0462962
0.0430363
0.0388209
0.0429008
0.0539323
0.047181
0.0582649
0.0513947
0.0484563
0.0551897
0.0413407
0.0538859
0.050308
0.0500041
0.0578076
0.0515577
0.0410688
0.0444063
0.0644701
0.0540115
0.0574445
0.049519
0.0513368
0.0415393
0.0465916
0.0458119
0.051384
0.0461568
0.0571773
0.0441563
0.046367
0.0444289
0.0629092
0.0507101
0.0475782
0.0562855
0.0534154
0.0487341
0.0478827
0.0399958
0.0607311
0.056628
0.0551433
0.0457739
0.0601933
0.0560855
0.0457449
0.0518615
0.0464849
0.0630037
0.0500507
0.0517434
0.045383
0.0419283
0.0441112
0.0391027
0.0552196
0.0517265
0.0552812
0.054547
0.0402359
0.0429366
0.0366692
0.0477133
0.0401858
0.0455629
0.0556924
0.0546585
0.048933
0.0465629
0.0453202
0.0352898
0.0423149
0.055749
0.0510631
0.0423247
0.0422397
0.0391553
0.053537
0.0385408
0.0352677
0.0391403
0.0406639
0.0461641
0.0581773
0.0399449
0.0571122
0.048087
0.0440901
0.0473607
0.0603597
0.0490316
0.0423585
0.0369632
0.0339035
0.0395654
0.0340004
0.0337653
0.0336512
0.04135
0.0528149
0.0499864
0.0511824
0.050426
0.0378532
0.0346286
0.0391285
0.0405995
0.0358639
0.0425904
0.0462104
0.047852
0.0485494
0.0389546
0.0383421
0.0421
0.0503864
0.0589383
0.0511625
0.0542777
0.0440222
0.0432865
0.0408257
0.038377
0.0533363
0.0427185
0.0439292
0.0515939
0.0448772
0.034173
0.0426078
0.0492826
0.0421478
0.0434412
0.0396562
0.0504167
0.0443674
0.040065
0.0552318
0.0427839
0.0557516
0.0433912
0.0368579
0.0392468
0.0470357
0.0430383
0.0549104
0.0492796
0.0516933
0.0464561
0.0414348
0.0434239
0.0382185
0.037241
0.0431565
0.0522151
0.0552866
0.0460181
0.0390583
0.049615
0.0480834
0.0559097
0.0622996
0.0450854
0.0595761
0.0509141
0.0475671
0.0486669
0.037619
0.0493315
0.0513477
0.0426331
0.0473304
0.0477738
0.0457405
0.0418896
0.0544388
0.0453522
0.045785
0.0550968
0.0464348
0.0467599
0.0432428
0.0480593
0.0584716
0.0538319
0.052052
0.0621854
0.0424416
0.0545573
0.0521407
0.04393
0.0609529
0.0433589
0.0532986
0.044581
0.0612923
0.0554051
0.0451752
0.0568963
0.060913
0.0428752
0.0498187
0.0445961
0.0392737
0.0409418
0.0572521
0.0569227
0.0583804
0.0499124
0.0481644
0.0591436
0.0572065
0.0508769
0.064789
0.0531834
0.0471683
0.0552632
0.0444327
0.0426434
0.0450646
0.0514592
0.0545717
0.0486261
0.0411501
0.0611174
0.0474059
0.0537916
0.0462799
0.0603315
0.0507371
0.0392277
0.0435652
0.0487309
0.0541817
0.0440912
0.046796
0.0501124
0.0481336
0.0483998
0.0532051
0.0383983
0.0563
0.0589034
0.0398643
0.0528591
0.0421223
0.0496645
0.0551637
0.0590566
0.0504084
0.0495214
0.0441784
0.0406909
0.059335
0.0473382
0.0401187
0.0543201
0.0491075
0.0501168
0.0503898
0.0500542
0.0397235
0.039605
0.0376241
0.0489158
0.0466213
0.0430672
0.0537768
0.0593873
0.0496843
0.0560953
0.0548773
0.0429642
0.0410007
0.0414122
0.0544252
0.0552368
0.0463088
0.0425207
0.052552
0.0429104
0.0531331
0.0563889
0.0506963
0.0561226
0.0467766
0.0393494
0.0433827
0.0450162
0.0488629
0.0374319
0.0592668
0.043775
0.0511833
0.0467671
0.0381407
0.0480332
0.0537951
0.0444529
0.0563922
0.0412659
0.0401922
0.0453544
0.0460884
0.0437092
0.0469951
0.044866
0.0409174
0.0475217
0.0531802
0.0477769
0.0436875
0.0508843
0.0540487
0.0544032
0.0563259
0.0544964
0.0581544
0.0478297
0.0373806
0.0479359
0.0540641
0.0523753
0.0428217
0.0459598
0.0449941
0.050734
0.0488973
0.0464692
0.0538947
0.0541332
0.0508845
0.0444592
0.0482062
0.0504954
0.0449381
0.0548364
0.0498309
0.0544771
0.0441612
0.0350748
0.0409361
0.0392325
0.053946
0.0463207
0.041982
0.0407893
0.0609291
0.0451911
0.0390969
0.0365616
0.0378599
0.0440827
0.0432241
0.0414652
0.0457083
0.0477923
0.0420916
0.0451912
0.0492516
0.0418384
0.0463497
0.0503402
0.0432198
0.0454897
0.0344599
0.0383136
0.0383632
0.0363038
0.0471236
0.0315381
0.0334499
0.0371603
0.039198
0.0324727
0.0305273
0.0373034
0.0389347
0.0315704
0.0333131
0.051101
0.0428831
0.033172
0.0355224
0.0373303
0.0331659
0.0374994
0.0259945
0.0184865
0.0245749
0.0208106
0.0161252
0.0192273
0.0234229
0.0172489
0.0177278
0.020132
0.021557
0.0224581
0.031464
0.0181234
0.0193128
0.0244167
0.023913
0.0202145
0.0263639
0.0388457
0.0263919
0.0268865
0.028411
0.028308
0.0264493
0.032017
0.0220311
0.0227063
0.0356624
0.0309875
0.0403569
0.0444347
0.0305782
0.0312612
0.0320568
0.0325379
0.0383243
0.0320892
0.0302623
0.0314075
0.0292688
0.0283677
0.0379027
0.0332958
0.0291694
0.0413316
0.0345453
0.0369393
0.0325884
0.0357805
0.0345567
0.0340343
0.0417308
0.0374369
0.034497
0.034115
0.0362305
0.0300462
0.0333249
0.034685
0.0290654
0.030618
0.0306206
0.037363
0.0303524
0.0350611
0.0340573
0.0338762
0.0367213
0.0348513
0.0378091
0.0434828
0.0352436
0.0327313
0.0336098
0.0366896
0.0355631
0.031794
0.0423031
0.0344067
0.0357241
0.0346941
0.0368929
0.0319378
0.0333257
0.0521987
0.0364246
0.0305545
0.040839
0.0357147
0.0323147
0.0348757
0.033588
0.0374327
0.0388662
0.0416333
0.0365359
0.0307999
0.0335629
0.0328884
0.0320916
0.0310786
0.0342362
0.0325827
0.0355067
0.0308945
0.0310592
0.0472717
0.0478869
0.0349451
0.0325085
0.0312185
0.0400765
0.0440243
0.0461894
0.0406638
0.0367591
0.0353926
0.0368056
0.041697
0.0354272
0.0364136
0.0399931
0.0335537
0.0329159
0.042958
0.0328542
0.0329409
0.0314064
0.0316079
0.041734
0.0436194
0.0373404
0.0278127
0.0393664
0.0438308
0.0329839
0.0283611
0.033421
0.0323779
0.0334126
0.0361146
0.036697
0.0351099
0.0337638
0.0344556
0.0344903
0.034131
0.0360902
0.0340049
0.0468656
0.0421116
0.039936
0.0329955
0.0310939
0.0365249
0.0378325
0.0337643
0.0323418
0.0382833
0.0372317
0.0343706
0.0312024
0.0342877
0.0304867
0.0296886
0.0405352
0.0457424
0.0501576
0.0433144
0.0364013
0.0386061
0.0366798
0.0335399
0.0366435
0.0334744
0.0348417
0.0398066
0.0440231
0.0367411
0.0350524
0.0327498
0.0302274
0.0337626
0.0298554
0.0347977
0.041165
0.0359849
0.0343722
0.0332134
0.0310473
0.0344153
0.0287202
0.0305273
0.0355798
0.0319914
0.0339957
0.0328068
0.0508398
0.0398489
0.0358543
0.0319838
0.0352291
0.0327761
0.0334227
0.0353372
0.0348685
0.0376443
0.0333804
0.0451947
0.0332616
0.0357198
0.0321925
0.0327442
0.0347518
0.0303152
0.0337472
0.0316152
0.0338068
0.0376032
0.0344577
0.0386648
0.033855
0.0317596
0.033424
0.0295204
0.0317292
0.031487
0.0328637
0.0286284
0.0363536
0.0343175
0.0346536
0.0308265
0.0323424
0.030925
0.0297288
0.0330822
0.0348224
0.0302521
0.0322409
0.0410869
0.0331212
0.0474667
0.0397879
0.0354785
0.0383769
0.036123
0.0332474
0.031514
0.0318805
0.0309346
0.0289026
0.0328507
0.032684
0.0326993
0.0423299
0.0358496
0.0345474
0.0319518
0.0351681
0.0370733
0.0354304
0.0315057
0.0343586
0.0312744
0.0340387
0.0317113
0.0331665
0.0428948
0.033368
0.0358337
0.0337066
0.0445364
0.041454
0.0321922
0.0322533
0.0289845
0.0293641
0.0273927
0.0269775
0.0321059
0.048711
0.0415145
0.036785
0.0346977
0.0312832
0.0380902
0.0378672
0.0393668
0.0394143
0.0466219
0.037663
0.0392464
0.0472782
0.0463817
0.0419346
0.0384855
0.0398258
0.0453876
0.0396664
0.0416143
0.0439872
0.0482253
0.0529944
0.052342
0.0382131
0.0385103
0.0361346
0.0457695
0.0548514
0.0521
0.0460605
0.0461938
0.0362125
0.0401708
0.0499194
0.0479977
0.0414636
0.039268
0.0440866
0.0478215
0.0451207
0.0591028
0.0538705
0.0503651
0.0599629
0.0518948
0.0569871
0.0567649
0.0446318
0.0497782
0.0511424
0.057133
0.0475921
0.0512488
0.0455041
0.0541217
0.0594881
0.0590136
0.0508335
0.0534036
0.0418971
0.0431691
0.0529052
0.0437103
0.0502311
0.0468593
0.0563667
0.0393036
0.0414897
0.042958
0.0507301
0.0428565
0.0472749
0.050576
0.0430827
0.0404572
0.0638331
0.0562634
0.0648384
0.0505173
0.0410017
0.0474308
0.0389376
0.0485725
0.0486385
0.0598836
0.0547377
0.0484248
0.0541259
0.0564749
0.0478127
0.0428733
0.0470029
0.0422702
0.0541629
0.0601672
0.0403811
0.0650054
0.0519926
0.0571051
0.0592542
0.05791
0.0563542
0.0631823
0.0595602
0.0730137
0.0471703
0.0483677
0.0500709
0.0540365
0.0514454
0.0603911
0.057205
0.066354
0.0541719
0.0617623
0.0502834
0.0622026
0.0609735
0.0565553
0.0448641
0.0528309
0.0495953
0.0493759
0.0501756
0.0472483
0.0418114
0.0444279
0.0405092
0.0524701
0.0616127
0.0524001
0.055469
0.0580533
0.0417673
0.0464902
0.0523299
0.048662
0.0423753
0.0426434
0.0578674
0.0412363
0.0368069
0.042136
0.0483818
0.043527
0.0480086
0.0417123
0.050177
0.0372948
0.0475128
0.0551308
0.0435638
0.0424617
0.0412793
0.0498294
0.0537586
0.060843
0.0540657
0.0428443
0.0510833
0.0491225
0.0618294
0.0458738
0.0496529
0.0453
0.048293
0.0547122
0.0504573
0.0524886
0.0494117
0.0463457
0.0516701
0.0411603
0.0566298
0.0553124
0.0528119
0.0441162
0.0521807
0.0485217
0.0500834
0.0450968
0.0590595
0.0498218
0.0419047
0.0405084
0.0385364
0.0533904
0.0512616
0.0739897
0.0487931
0.0542124
0.0630933
0.0557778
0.0638305
0.0604068
0.0371766
0.046403
0.0512266
0.0522507
0.0502752
0.0366276
0.0432077
0.0481597
0.0509928
0.0604219
0.0466403
0.0534593
0.0533619
0.0381417
0.0408732
0.0398181
0.036904
0.0514056
0.0408164
0.0451826
0.0646901
0.0571947
0.0430412
0.0524678
0.0487587
0.0743524
0.0735112
0.0633505
0.0619727
0.0574999
0.0655081
0.0716703
0.0622961
0.0588417
0.0595582
0.0625643
0.0615261
0.0519894
0.071387
0.0730319
0.0760578
0.0653957
0.0708143
0.0584658
0.0617231
0.0762652
0.0613899
0.0742514
0.0723988
0.0791156
0.0619133
0.059556
0.0585592
0.06335
0.0559527
0.0555243
0.0537375
0.0557467
0.0663108
0.0699336
0.0428982
0.0544511
0.0516142
0.0651161
0.0597243
0.0590287
0.0502886
0.0610013
0.0753763
0.0449086
0.0602248
0.0629877
0.0629178
0.070034
0.0530205
0.0497313
0.044692
0.0537838
0.0596256
0.0544622
0.0521591
0.0444316
0.0553937
0.0583745
0.0649863
0.0509537
0.0563841
0.0443491
0.0438738
0.0467963
0.0391211
0.0465507
0.0575573
0.0647276
0.054587
0.0629157
0.0575186
0.0576343
0.0584167
0.0519988
0.0448958
0.04906
0.0499373
0.0600948
0.0543074
0.0670707
0.0542059
0.0486606
0.0438322
0.0501613
0.0515938
0.0425094
0.0496283
0.0553557
0.0492678
0.0556012
0.0539592
0.0654444
0.074392
0.0452781
0.0376304
0.0516172
0.0456106
0.0490932
0.0389568
0.0478834
0.0533852
0.0503227
0.054128
0.0582035
0.0507732
0.0512559
0.0464736
0.0377232
0.049029
0.0485467
0.0528294
0.0489345
0.0464819
0.0559581
0.05956
0.0497938
0.0582248
0.057339
0.0594538
0.0483123
0.050823
0.0605905
0.0595073
0.0573965
0.043868
0.0528714
0.0521107
0.0518579
0.0546971
0.0466807
0.0485228
0.060934
0.0576274
0.054215
0.0483395
0.0533423
0.0520193
0.0440083
0.0527696
0.0598058
0.0596058
0.0471506
0.0427863
0.0390578
0.0464661
0.0385963
0.0488968
0.0400192
0.0414137
0.0485311
0.047315
0.0434222
0.0404777
0.0411021
0.0421717
0.0492711
0.0420108
0.0553949
0.0501638
0.0657305
0.0558924
0.0650923
0.0565563
0.0565187
0.0527745
0.058924
0.0562542
0.0604053
0.0578314
0.052501
0.0494935
0.049624
0.0549463
0.0605706
0.0474921
0.0544546
0.0578726
0.0477936
0.0421523
0.0435357
0.0555594
0.042516
0.0468841
0.0496796
0.0454309
0.0575065
0.0508287
0.045703
0.0603187
0.0513574
0.0591721
0.062989
0.0588605
0.0452384
0.0465821
0.0440558
0.0492519
0.06517
0.056038
0.0589635
0.0498131
0.0466264
0.0560491
0.0637035
0.0509762
0.0535016
0.0573629
0.0569192
0.0536298
0.0547575
0.0492487
0.0470393
0.0636719
0.0495911
0.0543739
0.0502701
0.0602929
0.0479043
0.0482447
0.0515376
0.0534563
0.0504677
0.0402267
0.052877
0.0619896
0.0517675
0.0428903
0.040708
0.0454665
0.0383549
0.043603
0.0521634
0.0415625
0.0405831
0.0497204
0.0514127
0.0566555
0.0516091
0.0368124
0.0333098
0.0406431
0.0527746
0.0494182
0.0646108
0.0396595
0.0484233
0.0545814
0.0490345
0.042084
0.0420462
0.05916
0.0402455
0.0589057
0.0599982
0.0591585
0.0494424
0.0480113
0.0452032
0.0568276
0.0609313
0.0542063
0.0453836
0.0465995
0.0558649
0.04674
0.0481597
0.055808
0.0501891
0.0558729
0.0510617
0.0632666
0.0536647
0.0480518
0.0517707
0.0553736
0.0645345
0.0585957
0.0439364
0.0467136
0.0421797
0.0556434
0.0589359
0.0466071
0.0412267
0.0428893
0.0430069
0.0418346
0.0621858
0.0527945
0.0615884
0.0553219
0.0579868
0.0453019
0.0464451
0.0397608
0.0454104
0.0608004
0.0580349
0.0489617
0.0578415
0.0364502
0.0469698
0.0476244
0.0460306
0.0437119
0.0498959
0.0502059
0.0602359
0.0538338
0.0526795
0.0388038
0.0543116
0.0507017
0.0425748
0.0485398
0.0431446
0.0427779
0.0399996
0.0430525
0.0624945
0.0566607
0.0497931
0.047454
0.0660568
0.0431622
0.0529365
0.0321468
0.0358441
0.0459139
0.0490499
0.0518841
0.045325
0.0469895
0.0512143
0.0516408
0.0549383
0.0536137
0.0480452
0.0421341
0.0489014
0.0382334
0.038328
0.0371403
0.0458688
0.0410724
0.0466842
0.0436817
0.0515221
0.0504531
0.0385677
0.0461093
0.0564671
0.0559397
0.0682504
0.0554009
0.0483138
0.044132
0.0493576
0.0707788
0.0600374
0.061113
0.0488372
0.056731
0.0547442
0.0662601
0.0589759
0.060516
0.052517
0.0438201
0.0431717
0.0640604
0.0591565
0.0578229
0.0501872
0.0557749
0.0430362
0.0530938
0.0560724
0.055448
0.0552012
0.0567288
0.0482307
0.0664959
0.0606311
0.0565483
0.0544438
0.0495375
0.0511825
0.0677005
0.0715002
0.0569172
0.0651943
0.0725106
0.0563865
0.0666789
0.0606906
0.0639659
0.0546739
0.0624007
0.065626
0.0557128
0.0624073
0.059079
0.0601535
0.0451537
0.053114
0.052573
0.059782
0.0573785
0.0611356
0.0624075
0.0532368
0.0519899
0.050811
0.0559271
0.0553983
0.0497401
0.0569074
0.0552436
0.0423614
0.043092
0.0456378
0.0445197
0.0506073
0.0674067
0.0608666
0.0541603
0.0522784
0.0686571
0.0518248
0.0625395
0.0577531
0.0559035
0.0443673
0.0587274
0.0468276
0.0490965
0.0402399
0.0622328
0.0455724
0.0603624
0.0425361
0.0496132
0.0428934
0.053667
0.0479129
0.0479047
0.0505088
0.0372109
0.0464106
0.0473093
0.0497965
0.0386035
0.0393376
0.0414568
0.0387006
0.0496189
0.0567093
0.0458063
0.0521594
0.0522505
0.0505888
0.0460239
0.0524313
0.042509
0.0468817
0.0568953
0.0416644
0.0461269
0.0425712
0.0428904
0.0435973
0.0485478
0.0543852
0.0472513
0.0476499
0.0363686
0.0418271
0.0326309
0.0456747
0.037558
0.0395552
0.0389217
0.0417313
0.0422929
0.0365641
0.0427084
0.0351361
0.0361335
0.0329938
0.0279648
0.0389763
0.0329871
0.0276778
0.033691
0.0370385
0.0296258
0.0229776
0.0353216
0.0305287
0.029346
0.0354173
0.0343986
0.0388781
0.0302953
0.0349606
0.0270424
0.0306341
0.0255317
0.0230295
0.0276638
0.0217239
0.0230559
0.0252481
0.022158
0.0212759
0.0385526
0.0238694
0.0275104
0.0228323
0.018916
0.0202325
0.0246511
0.024849
0.0300298
0.0276973
0.0254023
0.0301669
0.0219631
0.0256997
0.0260166
0.0245141
0.0262421
0.0254604
0.0326802
0.0368221
0.0363826
0.0359909
0.0373125
0.0307418
0.0322901
0.0289246
0.0352225
0.0337619
0.0317797
0.0339981
0.0358993
0.0323857
0.027838
0.0360826
0.0297629
0.035585
0.043886
0.0369772
0.0425177
0.0432961
0.0362416
0.0335724
0.0367085
0.0322595
0.030323
0.0337686
0.0354428
0.0300943
0.0388409
0.0333764
0.0392993
0.0321222
0.0425924
0.0359035
0.040858
0.0306377
0.031303
0.0338872
0.0316507
0.0365171
0.0351968
0.0316267
0.0355342
0.0315082
0.0360361
0.0391483
0.0472472
0.0453859
0.0463135
0.0381227
0.0333035
0.042308
0.0356942
0.0298244
0.0320232
0.0376836
0.0322691
0.0305158
0.0469337
0.0387174
0.0388569
0.0396099
0.0349663
0.0371458
0.0363337
0.0404688
0.0314461
0.0342913
0.0344465
0.036765
0.0351912
0.0315767
0.0356821
0.0280687
0.0316955
0.0305507
0.0302245
0.0427096
0.0433972
0.0408236
0.025695
0.0297238
0.0313774
0.046297
0.0460292
0.038712
0.0485465
0.0496315
0.0370543
0.0366919
0.0429395
0.0380359
0.0309094
0.0459138
0.0303203
0.0361477
0.0329715
0.038684
0.0440225
0.0349612
0.0335761
0.0283924
0.0271031
0.0302004
0.0411724
0.0420254
0.0531884
0.0343363
0.0289735
0.0323797
0.0329639
0.0368763
0.0368851
0.0312195
0.0290565
0.0364916
0.0512656
0.0455678
0.0359442
0.0327412
0.0309696
0.0297136
0.0272486
0.0394609
0.0385433
0.0516632
0.0397365
0.0291177
0.0323163
0.0355425
0.0326887
0.0306896
0.0307762
0.0371115
0.031526
0.0314457
0.0303149
0.027746
0.0241129
0.0294566
0.0337791
0.0271459
0.0373274
0.0340614
0.0419435
0.0308593
0.0301537
0.0367502
0.0365293
0.033349
0.0290151
0.0314265
0.0344259
0.028523
0.0313612
0.0312224
0.0348456
0.0319271
0.0303008
0.0271986
0.0377179
0.0349755
0.0279519
0.0421155
0.0339527
0.0362844
0.0327495
0.0293069
0.0269919
0.0350736
0.0318987
0.0253145
0.0248475
0.033658
0.0259595
0.0348028
0.0368837
0.0404023
0.0303199
0.0304932
0.0316481
0.030061
0.0260079
0.0369771
0.0401346
0.0416272
0.0346731
0.0265143
0.0315754
0.0291085
0.0332317
0.029811
0.0319044
0.0342014
0.0358396
0.0383779
0.0343541
0.0337219
0.0343303
0.0327827
0.0331685
0.0294243
0.0332641
0.0316811
0.0356833
0.0349198
0.033543
0.0421074
0.0488104
0.0363565
0.0363376
0.0454968
0.0389986
0.0371302
0.0330624
0.029442
0.0295249
0.0326686
0.0372113
0.0395316
0.0376323
0.051002
0.0465109
0.0556054
0.0368406
0.0419846
0.0456205
0.0413958
0.0427065
0.0345679
0.0332734
0.0355898
0.0343463
0.0300005
0.0399597
0.0352127
0.036863
0.0367725
0.032841
0.0359657
0.0374324
0.0305446
0.0359736
0.0363819
0.0468166
0.034394
0.0380211
0.0360885
0.0367302
0.0351217
0.0345332
0.037371
0.0406602
0.0388537
0.0372604
0.0354712
0.0411755
0.0494286
0.0502339
0.0473058
0.0416247
0.0416157
0.0370722
0.040801
0.0419053
0.0358573
0.0378493
0.0386738
0.0402188
0.0375299
0.0431822
0.0539304
0.0462956
0.0387672
0.0459989
0.0425931
0.044407
0.0464166
0.0559088
0.0480086
0.0483195
0.0439222
0.0463728
0.0459175
0.0458976
0.0422576
0.0462792
0.0465352
0.0346644
0.0502302
0.0480249
0.0563299
0.0616628
0.0443044
0.0557144
0.0473125
0.0399283
0.0484499
0.0421824
0.0446733
0.0420338
0.0480326
0.0414424
0.0449446
0.0492075
0.0393061
0.0566811
0.0544003
0.051356
0.0523792
0.0545291
0.0527032
0.0551182
0.0569631
0.0408576
0.0375591
0.036277
0.0331715
0.0426105
0.0426303
0.0437634
0.034006
0.0382916
0.0432423
0.0332359
0.036417
0.0419072
0.0408397
0.0512736
0.0346073
0.0427169
0.0577056
0.0601389
0.0501047
0.0389453
0.0394369
0.0431682
0.039428
0.0414721
0.0389207
0.0447664
0.0374757
0.0423384
0.0534305
0.0510114
0.0393048
0.0427686
0.0529048
0.0520206
0.0439459
0.0436723
0.0418354
0.0454599
0.0408424
0.0401609
0.0358954
0.0467714
0.055561
0.0417152
0.0401994
0.0544968
0.0375241
0.039733
0.0402615
0.0389209
0.0380405
0.0581043
0.0624941
0.0486514
0.0432909
0.0485346
0.0433694
0.0407192
0.0443972
0.0427697
0.0380516
0.0451162
0.0532169
0.0463918
0.0360892
0.0462906
0.0372384
0.0354819
0.0405932
0.0415678
0.0440225
0.0414693
0.0422747
0.0357776
0.0420459
0.046257
0.0413213
0.0347599
0.0496333
0.0351585
0.0544658
0.049051
0.0421407
0.0453228
0.0443068
0.039741
0.0391415
0.0473043
0.0408783
0.0380137
0.0351973
0.0410792
0.0392826
0.0404727
0.0396352
0.045676
0.0386181
0.0481905
0.0416219
0.0395549
0.0434605
0.0334361
0.0419736
0.0424932
0.03917
0.0388608
0.0428405
0.0495556
0.040156
0.0413073
0.0341765
0.042111
0.043239
0.0575046
0.0555129
0.0441055
0.0372455
0.0363418
0.0372258
0.0387845
0.0438856
0.053602
0.0400953
0.0460734
0.0531727
0.0456044
0.044135
0.0345975
0.0434767
0.0433808
0.0374816
0.0381573
0.0388021
0.0557463
0.0467007
0.0503054
0.0458303
0.0604034
0.0528014
0.0524603
0.0444724
0.0447446
0.0518554
0.0486144
0.0403506
0.0427545
0.0432141
0.0488478
0.0550512
0.0496534
0.0396892
0.0463215
0.0492452
0.0468742
0.0482762
0.0478806
0.0436038
0.0430738
0.039722
0.0475951
0.0516525
0.0575082
0.0464352
0.0382394
0.0463675
0.0466652
0.0449024
0.0371125
0.0410344
0.0479951
0.0452582
0.0410291
0.0469629
0.0606043
0.048281
0.0479949
0.0471905
0.0478678
0.0438777
0.0587908
0.0538158
0.0448185
0.0379761
0.046689
0.0386583
0.0361118
0.0376977
0.0447689
0.0557295
0.0531964
0.0516827
0.0516017
0.0522945
0.0466999
0.0452384
0.0479975
0.0478829
0.0442187
0.0419982
0.0385597
0.0459152
0.0431783
0.0345693
0.0394387
0.030706
0.0256511
0.0224089
0.0228651
0.0372297
0.0213563
0.0315992
0.039684
0.026603
0.032975
0.0411501
0.0419045
0.0331256
0.0272003
0.025902
0.0251994
0.0241465
0.0193055
0.0230613
0.0199061
0.0191746
0.0191471
0.0235356
0.0219958
0.0558527
0.0349535
0.0401709
0.0386599
0.03708
0.0377624
0.034622
0.0322732
0.0386319
0.0387354
0.0487453
0.0409449
0.0320244
0.0308437
0.0337133
0.0312056
0.0334749
0.0453314
0.0350763
0.0412035
0.0427635
0.0339412
0.0407176
0.0377787
0.0481458
0.0383649
0.0458658
0.071414
0.0444049
0.0476164
0.05242
0.0477566
0.0686156
0.0530354
0.046741
0.0528497
0.0601448
0.041306
0.0585809
0.063614
0.0500301
0.0518993
0.0462904
0.0544068
0.0529068
0.047961
0.0487447
0.0614163
0.0687472
0.0418187
0.04082
0.0355055
0.0507814
0.0450634
0.0504075
0.0412233
0.0390427
0.0548267
0.0430025
0.0447898
0.0535489
0.0528312
0.0518995
0.059651
0.0564932
0.049504
0.0355448
0.0440198
0.0388787
0.0501931
0.0481298
0.0500804
0.0437695
0.0429059
0.0376692
0.0414195
0.0443057
0.0425685
0.0511962
0.0395475
0.0436987
0.0394944
0.0383399
0.0355445
0.0383274
0.0420103
0.0500965
0.0418585
0.0357082
0.0430623
0.0437593
0.0411788
0.0309991
0.0337729
0.0429044
0.037901
0.0355572
0.0419895
0.04668
0.0398189
0.0354656
0.0422576
0.0343143
0.0421988
0.0343698
0.0329306
0.0342862
0.0382021
0.0416281
0.0296363
0.0337452
0.0360612
0.0374379
0.029146
0.0285237
0.0358304
0.0402275
0.0421337
0.0360935
0.0377459
0.0358548
0.0389759
0.0297694
0.0366012
0.0402436
0.0321499
0.0301577
0.0356667
0.0411826
0.0329089
0.032895
0.0300774
0.0283999
0.0383409
0.0392725
0.0309586
0.0434941
0.0359215
0.0442766
0.0340294
0.0350095
0.0374487
0.0383826
0.0365632
0.0347468
0.0410291
0.04494
0.0421063
0.0418338
0.0430818
0.0403808
0.0488448
0.0379955
0.0465142
0.0425746
0.0521177
0.0447534
0.040215
0.0399927
0.0481267
0.037957
0.035966
0.0400478
0.0476767
0.0336963
0.0391167
0.045308
0.0398719
0.042378
0.0362894
0.0348461
0.0399657
0.0465119
0.0426285
0.039543
0.0351326
0.0351675
0.0417232
0.035409
0.04156
0.0422268
0.0345972
0.0378746
0.0369047
0.0382365
0.035746
0.04177
0.0449574
0.0465848
0.0389056
0.0371168
0.0396153
0.0437791
0.0491141
0.0569069
0.0428891
0.0400253
0.03965
0.0405517
0.0375625
0.0410283
0.0407693
0.0397122
0.0381562
0.0379226
0.0378267
0.0404268
0.0447219
0.040846
0.0367088
0.0420884
0.0361914
0.04043
0.0365739
0.0380475
0.0457093
0.044249
0.0402361
0.0441859
0.0456628
0.0426607
0.0360549
0.0387651
0.051327
0.0421653
0.0389033
0.0412952
0.040896
0.0370091
0.0385574
0.0389748
0.0386454
0.0344513
0.0313735
0.029883
0.0258345
0.0340711
0.0340216
0.0322561
0.0341082
0.04475
0.0794397
0.0477293
0.093988
0.0538313
0.114648
0.0396539
0.03815
0.0422674
0.0521608
0.0464428
0.0557615
0.0587299
0.0473966
0.0479293
0.0559516
0.0574723
0.0475568
0.0563504
0.0690415
0.0527926
0.0515077
0.0549756
0.0471231
0.0471319
0.0483981
0.0417656
0.0565626
0.0539091
0.0475339
0.046536
0.0443892
0.0449146
0.0470376
0.0495853
0.0572627
0.067706
0.0595215
0.0707239
0.0657202
0.064125
0.0619563
0.0698323
0.0718829
0.0579171
0.0521669
0.0489252
0.0494035
0.0633474
0.0714898
0.0696411
0.0751431
0.0661936
0.049097
0.0519012
0.0595191
0.0776133
0.0677654
0.0634826
0.0589681
0.0654079
0.0678409
0.0709488
0.0666045
0.0595997
0.0592753
0.0705842
0.0773911
0.0699408
0.0864365
0.07894
0.0575939
0.0653455
0.0665557
0.0641477
0.0744167
0.0827724
0.0761672
0.0597475
0.0629438
0.056081
0.0647034
0.0743614
0.0658656
0.0732517
0.0586894
0.0541093
0.0576087
0.0744599
0.0671502
0.06533
0.08172
0.0596296
0.0609725
0.0559905
0.0578847
0.061218
0.0509427
0.05381
0.058405
0.0684117
0.0656097
0.0651124
0.0532733
0.0696825
0.0614434
0.0489696
0.0585908
0.0569345
0.0567092
0.0622725
0.0612504
0.0657651
0.0681918
0.0629443
0.0476092
0.0570284
0.0672979
0.0509927
0.0601159
0.0607631
0.064011
0.0448338
0.062248
0.0559918
0.0483179
0.0615171
0.0624087
0.055419
0.0592599
0.0588231
0.0704994
0.0696888
0.0617944
0.0481905
0.0456531
0.0544055
0.0590505
0.067688
0.0556239
0.05205
0.0520536
0.0598499
0.0731435
0.0506522
0.0591071
0.0663092
0.0614479
0.0686927
0.0544754
0.0708654
0.0676493
0.066848
0.0463191
0.0597349
0.0529784
0.0612901
0.0600339
0.0674924
0.0562019
0.0512229
0.0447217
0.0420538
0.0581591
0.0530952
0.0622517
0.0480139
0.0506091
0.0567643
0.0539583
0.0579537
0.0540956
0.0535371
0.0524913
0.0472775
0.0773085
0.0745887
0.0567722
0.0806091
0.0671947
0.0687109
0.0803856
0.0642905
0.060342
0.0533389
0.0674671
0.0588027
0.0718042
0.0571681
0.0504633
0.060618
0.0615024
0.0673417
0.0545748
0.0555792
0.0576741
0.0711441
0.0619446
0.060247
0.0544047
0.05453
0.0489419
0.0496795
0.0530544
0.0563075
0.060071
0.0440178
0.0540098
0.0603866
0.059686
0.0551617
0.0577416
0.0629201
0.0689135
0.0591736
0.0594095
0.0620003
0.0722752
0.0569871
0.052645
0.0680312
0.0537776
0.0488353
0.0572752
0.0565801
0.0545041
0.0681291
0.070737
0.0803762
0.0714317
0.0721838
0.0683301
0.0689753
0.0589457
0.051077
0.0606489
0.0618432
0.0612059
0.0563094
0.0541708
0.0646109
0.049749
0.0705177
0.0654979
0.0632964
0.0749013
0.0669038
0.0516515
0.0507308
0.0404177
0.0536903
0.0648406
0.0519119
0.050359
0.0488131
0.0642601
0.0510497
0.0432657
0.0539563
0.0498341
0.0640816
0.0707754
0.0572985
0.0486196
0.0541879
0.0523298
0.0496903
0.0482083
0.0592225
0.0509412
0.0502339
0.0472887
0.0572565
0.0614868
0.0555938
0.0674074
0.0761541
0.0571142
0.0438719
0.0583672
0.0441382
0.0531829
0.0477913
0.0482775
0.0583512
0.0555517
0.0601176
0.0510618
0.0566228
0.0544156
0.0601393
0.0608149
0.070126
0.0563076
0.0645871
0.0586882
0.0803273
0.0540563
0.0566289
0.0456593
0.049922
0.0520948
0.0487221
0.0502663
0.0590409
0.0681755
0.0596474
0.0627067
0.0699892
0.0620158
0.0528571
0.0456788
0.0461388
0.0646895
0.0581763
0.0625845
0.0666647
0.0617451
0.049472
0.0517566
0.0463641
0.0613108
0.0677744
0.0547448
0.0574014
0.0653131
0.0518486
0.0524257
0.0682727
0.0632973
0.0668407
0.0599756
0.050949
0.0496872
0.0489134
0.0509409
0.0451566
0.0408939
0.0517746
0.0434377
0.048713
0.0493659
0.0441034
0.0546926
0.0506171
0.063188
0.0505952
0.0501142
0.0578141
0.0696665
0.0630991
0.0629692
0.0685594
0.0684585
0.0536326
0.0680944
0.0533325
0.0662237
0.0509367
0.0502846
0.0430433
0.0481877
0.0450476
0.0604474
0.0512336
0.0562632
0.052177
0.0484536
0.0466418
0.0493215
0.0430676
0.0496151
0.0464945
0.047092
0.0493039
0.0515596
0.0517061
0.0517457
0.0495893
0.0575873
0.0548784
0.0448244
0.0506818
0.0494758
0.0638393
0.076446
0.05789
0.057819
0.0577284
0.0612671
0.0698069
0.0525431
0.0545608
0.0452431
0.0542088
0.0469619
0.0558099
0.0422964
0.0590654
0.0571198
0.0515843
0.0672181
0.0611903
0.0535311
0.0621581
0.0635833
0.0605754
0.0649184
0.0535194
0.0674208
0.0539708
0.0506541
0.0595804
0.058711
0.0468296
0.0498565
0.0629065
0.0513959
0.0591903
0.0677758
0.0562183
0.0560336
0.0487966
0.0558811
0.051833
0.0554233
0.0590439
0.0503225
0.0457042
0.0459
0.0534273
0.0504145
0.0594323
0.0554054
0.0534964
0.0664477
0.0522099
0.0546489
0.0523776
0.0498048
0.0521246
0.0551659
0.0532414
0.0522926
0.0498359
0.0534743
0.0439947
0.0639468
0.0555967
0.0568513
0.0747342
0.0577048
0.0611839
0.0782028
0.053929
0.0655178
0.0639651
0.0728669
0.0579247
0.0585854
0.0546824
0.0557025
0.0468341
0.0560407
0.0553448
0.0476312
0.0612725
0.053391
0.0709953
0.0624166
0.0750983
0.0795345
0.0692475
0.0619331
0.076943
0.0529868
0.0834963
0.0686887
0.0707328
0.0682084
0.067674
0.0537669
0.0560459
0.049968
0.0466412
0.0730035
0.0578221
0.0516621
0.0628708
0.045611
0.0606389
0.0552133
0.0642025
0.0575331
0.0589569
0.0593236
0.0592738
0.0537966
0.0497808
0.060107
0.0417244
0.0643671
0.0571536
0.0431748
0.0599085
0.063591
0.0642688
0.0706146
0.0506685
0.0490108
0.0511693
0.046784
0.0637065
0.063949
0.0673584
0.0692995
0.0681956
0.0603454
0.0532145
0.0529569
0.0425305
0.0508291
0.0609529
0.047536
0.0499002
0.0462621
0.0623038
0.0525245
0.0555931
0.0517688
0.0499862
0.0584675
0.0456912
0.0479676
0.0450338
0.0527172
0.0505166
0.0457378
0.0482398
0.0507968
0.0493097
0.0450601
0.0490337
0.0442622
0.0512345
0.0600862
0.0512168
0.0482911
0.0467375
0.05286
0.0512208
0.0480821
0.0499422
0.0543884
0.0611923
0.0469772
0.0485935
0.0501169
0.0506868
0.0769058
0.0674415
0.0689738
0.0636776
0.0652617
0.053701
0.0721425
0.0619502
0.0774125
0.0552893
0.0656791
0.055316
0.0649779
0.0706878
0.0509161
0.0499914
0.0561292
0.0500387
0.0718162
0.0621756
0.058153
0.047255
0.0565033
0.0737396
0.0672958
0.0533703
0.0609821
0.0446659
0.0560354
0.0648397
0.0502489
0.0600072
0.0634317
0.0657884
0.0635146
0.0580634
0.0480702
0.0535372
0.0534198
0.0521239
0.0479389
0.0466036
0.0441993
0.0506375
0.0518168
0.0516443
0.0455046
0.051788
0.0570373
0.0638981
0.0582584
0.0641165
0.0604117
0.0626849
0.0520305
0.0668119
0.0507259
0.0667414
0.0508129
0.0483643
0.0563479
0.0587061
0.0560475
0.0628678
0.0774964
0.0558932
0.0522956
0.0481993
0.056071
0.0533192
0.0442503
0.0441398
0.055435
0.043215
0.0531218
0.0621704
0.0597663
0.0604169
0.0619606
0.0654359
0.0655423
0.0669018
0.0748461
0.0677926
0.0661788
0.0736887
0.0711251
0.0599853
0.0593924
0.0558836
0.0554148
0.0593141
0.0491287
0.0542005
0.0546675
0.0491058
0.0432859
0.0425687
0.0436034
0.0526109
0.0549785
0.0609904
0.0605217
0.0503659
0.0524643
0.0612166
0.0593586
0.0460744
0.0516407
0.0503752
0.0591224
0.0535152
0.0550048
0.0562369
0.0650449
0.059116
0.0427314
0.0526203
0.0536915
0.0479683
0.0389532
0.052052
0.0513867
0.0566205
0.0426268
0.0448498
0.0512228
0.0703481
0.0588187
0.0578518
0.0513111
0.0534612
0.0539484
0.0519218
0.0568639
0.0513853
0.0571282
0.0550643
0.0502275
0.0541693
0.0489138
0.0433362
0.0502005
0.0465063
0.0407824
0.04226
0.0489514
0.0398604
0.040432
0.0460405
0.0515973
0.0432374
0.0504328
0.0512979
0.0383425
0.0391006
0.0450741


