0.038057
0.084857
0.0946524
0.0927359
0.0893439
0.0870552
0.066538
0.149025
0.0601024
0.0436366
0.0387039
0.0518787
0.0518132
0.0432646
0.035718
0.0355301
0.0380927
0.0358395
0.0388127
0.0457389
0.0442053
0.0426138
0.052415
0.0545259
0.0500818
0.0645977
0.0513641
0.0530119
0.0563686
0.0548783
0.052379
0.0523421
0.0464121
0.0408542
0.0554365
0.0429149
0.0529433
0.0603448
0.0477748
0.0443939
0.052845
0.0388761
0.0401521
0.0438715
0.0416076
0.0390126
0.0563504
0.0581108
0.0410924
0.0406373
0.0487905
0.0424594
0.0490728
0.0438687
0.0529052
0.055328
0.0541443
0.0409985
0.038064
0.0506654
0.0539053
0.0475443
0.0440406
0.0534094
0.043686
0.0383448
0.0521651
0.0502075
0.0622671
0.0551889
0.0504769
0.0540424
0.0520886
0.0592686
0.0586143
0.0702554
0.0524038
0.0393692
0.0408072
0.0591907
0.0613714
0.0595262
0.0532579
0.0519311
0.0456572
0.0532578
0.0436203
0.0452572
0.0382926
0.0446395
0.0396093
0.0420529
0.0408269
0.0579866
0.0581069
0.0465842
0.0577568
0.0523515
0.0608717
0.0402338
0.0509899
0.0397575
0.0484118
0.0555702
0.0559809
0.0675148
0.0403427
0.0453016
0.04577
0.0423339
0.058977
0.0571713
0.0534797
0.0582265
0.0425371
0.0482419
0.0506438
0.0526552
0.0573285
0.0478319
0.0536244
0.051952
0.051662
0.0382966
0.0518999
0.0551753
0.0442306
0.0394281
0.0391616
0.0422187
0.0505576
0.0464951
0.0559211
0.0438891
0.0377105
0.0504533
0.0547607
0.0540575
0.0602671
0.0509944
0.0437041
0.0575699
0.0560662
0.0591644
0.0437702
0.043707
0.0473961
0.0507916
0.0527291
0.0547618
0.0561428
0.0486969
0.0384383
0.0454633
0.051948
0.0516764
0.049101
0.0429609
0.0408475
0.0465724
0.0475945
0.0471519
0.0371251
0.047483
0.0390709
0.0455557
0.0462397
0.0430631
0.046304
0.0523987
0.0522801
0.0455296
0.0473704
0.0456799
0.0488065
0.0391524
0.0433416
0.0518668
0.0546081
0.0520392
0.0502591
0.0590094
0.0559433
0.0493423
0.0330417
0.0399957
0.0532572
0.0619961
0.0509377
0.0434856
0.0444594
0.0542816
0.0515413
0.0399927
0.0435059
0.0435331
0.054143
0.0676483
0.0514333
0.0509209
0.0522185
0.0509414
0.046534
0.050105
0.042332
0.0547437
0.0485072
0.0507972
0.0497515
0.0470611
0.0440543
0.0457779
0.0390483
0.0471201
0.0522754
0.0510998
0.0549663
0.0428712
0.0514232
0.0440255
0.0488972
0.0445123
0.0443393
0.0387335
0.0425215
0.0417135
0.0404307
0.0473139
0.037072
0.0389774
0.0644977
0.0484467
0.0494656
0.0385837
0.0465229
0.0472753
0.0556326
0.0446683
0.0407169
0.0458136
0.0493252
0.052564
0.0475591
0.0533199
0.0399398
0.0405935
0.0385402
0.0349441
0.0430219
0.032004
0.0390746
0.050179
0.0451021
0.0463096
0.051972
0.0498755
0.0446027
0.0394285
0.0438533
0.0400093
0.0479485
0.0399606
0.0554096
0.0391899
0.0399473
0.0378976
0.0587439
0.0411264
0.0548282
0.0458891
0.040241
0.0542713
0.0380727
0.0461658
0.042661
0.0524419
0.0492801
0.0564589
0.0550497
0.0420092
0.052802
0.0547817
0.049912
0.0482792
0.0514503
0.040379
0.0397504
0.048375
0.0560939
0.0509292
0.0431855
0.0372754
0.0533082
0.055205
0.0494874
0.0518042
0.0493984
0.0528012
0.0573956
0.0509506
0.049903
0.0438119
0.0394825
0.048591
0.039163
0.0436865
0.0451335
0.0579391
0.0565024
0.0630632
0.0466591
0.0524901
0.0612713
0.0605318
0.0420524
0.0494277
0.0593287
0.0558347
0.0445874
0.0496372
0.0488486
0.0518927
0.0481029
0.0536884
0.044928
0.0467646
0.0432715
0.0409843
0.0515484
0.0495198
0.055031
0.0545449
0.0556757
0.0572741
0.055561
0.0480829
0.0498034
0.0634537
0.0523834
0.0496333
0.0433859
0.0428068
0.050972
0.0494652
0.0432121
0.0413568
0.0461691
0.0485176
0.0449334
0.0517845
0.0453643
0.0515337
0.045467
0.0545007
0.0441702
0.0424206
0.0506893
0.0355373
0.0418875
0.0488144
0.0447274
0.0463642
0.0561145
0.0487262
0.0517818
0.0612628
0.0535217
0.0551102
0.0456628
0.0441794
0.0505127
0.0446073
0.0439578
0.0362176
0.0509181
0.0342054
0.0413883
0.0511264
0.0490187
0.0535394
0.0414417
0.0382936
0.0439522
0.0381893
0.0500641
0.0445541
0.0505251
0.0525364
0.0464042
0.0360304
0.0497282
0.0523412
0.0529872
0.0443044
0.0509344
0.0438982
0.0537678
0.0418648
0.0414398
0.0377043
0.041649
0.0431736
0.0443794
0.0337056
0.0466242
0.0371826
0.0352801
0.046064
0.0471287
0.0466645
0.0508221
0.0520145
0.0517051
0.0436371
0.0480462
0.0507669
0.0418759
0.0377436
0.0362912
0.0396824
0.0392119
0.0472734
0.0514254
0.0537413
0.0414669
0.0442831
0.0560658
0.0396145
0.0339279
0.0437897
0.0377068
0.0325554
0.0421987
0.0395905
0.0428655
0.0341036
0.0360284
0.0389195
0.0456318
0.0411595
0.048147
0.0443
0.0348545
0.0380777
0.0339178
0.0429259
0.0366382
0.0384
0.0470371
0.0438435
0.0366883
0.039129
0.0302669
0.03421
0.035715
0.0447236
0.0418253
0.0455007
0.0340789
0.0426426
0.0329731
0.0460334
0.0409085
0.0340368
0.0302593
0.0287166
0.038628
0.0361816
0.0319989
0.0308414
0.0344567
0.0352884
0.0408659
0.0358257
0.0366167
0.0370358
0.0464139
0.045241
0.0460099
0.0547587
0.0502388
0.0531081
0.0434397
0.0478365
0.0461484
0.0517752
0.0512938
0.055876
0.0432311
0.0491073
0.046612
0.0520131
0.0490636
0.0545075
0.0649677
0.057593
0.0366986
0.0519601
0.0548255
0.0474608
0.0424971
0.0416977
0.0429425
0.0513615
0.0455427
0.0568323
0.0530011
0.0405475
0.0390572
0.0501093
0.0447308
0.0509457
0.0574867
0.0525168
0.039055
0.042292
0.0507584
0.0499439
0.0514475
0.040467
0.0508072
0.0476656
0.037131
0.0341438
0.0501886
0.047714
0.0558786
0.0513679
0.054916
0.0586799
0.0463
0.0377901
0.0423119
0.0389505
0.0380756
0.0413209
0.0414833
0.0373967
0.0461338
0.0528815
0.0478972
0.0459409
0.0408727
0.0454767
0.0593935
0.040397
0.0522945
0.0402528
0.039616
0.0427132
0.0472102
0.0407578
0.0471637
0.0526296
0.0535174
0.0517365
0.0640236
0.0472618
0.0434954
0.0494451
0.0500363
0.0548155
0.0553555
0.0440547
0.0523637
0.0434308
0.0560161
0.058236
0.045882
0.0504064
0.0507227
0.0425875
0.0418589
0.0539467
0.0467722
0.0564687
0.0538522
0.0492825
0.0570095
0.0406317
0.0526452
0.0459731
0.0502914
0.0510939
0.0517229
0.0437973
0.0421908
0.0426154
0.0400636
0.0408634
0.0439315
0.0570011
0.059295
0.0629564
0.0380121
0.0472173
0.0528078
0.0428677
0.0493419
0.0439797
0.0391251
0.0482929
0.0474008
0.0501618
0.0535263
0.0656455
0.0579308
0.0511895
0.0382739
0.0451437
0.0492954
0.0386651
0.0435948
0.0493027
0.0385346
0.0440013
0.0403363
0.0517682
0.0617188
0.0447903
0.0484499
0.0441346
0.0475135
0.0485165
0.0358841
0.0395038
0.0403203
0.0367652
0.0392554
0.0402438
0.0448168
0.0490093
0.04306
0.0358061
0.0363923
0.0338891
0.0391894
0.0377293
0.0343098
0.0348578
0.0360276
0.0376239
0.0475776
0.0404265
0.0530085
0.0514912
0.0425572
0.0390936
0.0403765
0.0444128
0.0405089
0.0478303
0.0488819
0.0514048
0.0380226
0.0337886
0.034152
0.0537275
0.0497376
0.0375475
0.0355652
0.0424399
0.0386708
0.0434075
0.0612468
0.060797
0.0472822
0.0440442
0.0408877
0.0491834
0.0487923
0.0516698
0.0568576
0.0536324
0.054688
0.0488518
0.0610701
0.0410438
0.042111
0.0441477
0.0429147
0.0426071
0.0457287
0.0381872
0.0490198
0.0457624
0.0529004
0.0594005
0.0593758
0.0415177
0.0535143
0.0515236
0.0514834
0.0445068
0.0483071
0.0428597
0.0396556
0.0488481
0.0472656
0.0410785
0.0435156
0.0378332
0.0422852
0.0522814
0.0478753
0.0456873
0.0567335
0.0476077
0.0434295
0.0510154
0.0576176
0.0565701
0.0443482
0.0552044
0.0585596
0.0640014
0.0555439
0.0456166
0.0422859
0.0439116
0.045244
0.0447262
0.0550157
0.0399159
0.0386151
0.0592087
0.0554135
0.0544019
0.0538846
0.0471139
0.0475178
0.0392151
0.0522752
0.0462851
0.0472759
0.0403897
0.0415867
0.0394011
0.047614
0.0470449
0.0616701
0.0661668
0.0573723
0.0485264
0.0399613
0.0452286
0.0412115
0.0573889
0.057028
0.0551655
0.0505536
0.0534297
0.0575311
0.0530549
0.0467263
0.0435417
0.0433533
0.037043
0.0424911
0.0484689
0.045589
0.0545899
0.0546092
0.0539771
0.0422275
0.0402156
0.0450136
0.0505498
0.0618868
0.0467153
0.0533762
0.0550765
0.0444209
0.0503968
0.0419704
0.0522363
0.0552632
0.059021
0.0554213
0.0560315
0.0619248
0.0531994
0.0667633
0.0595138
0.0546887
0.0500523
0.049162
0.0537947
0.0583922
0.0605647
0.056143
0.0559919
0.0391037
0.0387959
0.0411734
0.051595
0.0519291
0.053958
0.0467298
0.0471512
0.0441351
0.0420279
0.0464673
0.0519568
0.0564915
0.0594657
0.0476137
0.0474463
0.0548392
0.0503822
0.044034
0.0476259
0.0514952
0.0457554
0.046391
0.0463317
0.0378859
0.0377264
0.0492033
0.0467283
0.0503944
0.0396367
0.0326632
0.0319276
0.0381385
0.0363313
0.0368245
0.0368598
0.0413149
0.0380809
0.0419791
0.0366195
0.0569796
0.0362992
0.0920854
0.0420409
0.061159
0.0527673
0.0575063
0.0445466
0.0483935
0.0593
0.0409083
0.0554387
0.0646758
0.0684004
0.0538841
0.0422752
0.0430357
0.0597743
0.0443517
0.0488388
0.0442079
0.0496851
0.0496084
0.0400026
0.0426462
0.0408866
0.0405234
0.0381746
0.0427071
0.048267
0.0390603
0.0570675
0.0584715
0.0578834
0.0475226
0.055275
0.0504271
0.0512581
0.0485809
0.0547517
0.0495688
0.0508003
0.0471756
0.0435907
0.0397587
0.0449688
0.0498446
0.0512264
0.0536384
0.0656157
0.059943
0.0380915
0.0579044
0.0417234
0.045359
0.0508208
0.0383748
0.0565091
0.0453801
0.0521077
0.0439305
0.0417909
0.0586429
0.0650383
0.0530242
0.0434565
0.0485806
0.0521982
0.0527696
0.0478008
0.0502071
0.0499393
0.0441064
0.0504517
0.0530829
0.0466891
0.050966
0.0685064
0.0556701
0.0521312
0.0454481
0.0533948
0.0635709
0.0473855
0.053031
0.0451419
0.0475694
0.0410511
0.0527906
0.0492311
0.0527129
0.0453849
0.0544662
0.0588602
0.044038
0.0602592
0.0649448
0.0451217
0.0468666
0.043011
0.0379591
0.0426751
0.0470406
0.038318
0.055388
0.0482138
0.0630615
0.0502859
0.0443625
0.0417333
0.0418449
0.044926
0.0433365
0.0448214
0.050634
0.0626917
0.0586002
0.0534805
0.0541049
0.0411786
0.0589578
0.0458216
0.0413415
0.0469824
0.0512124
0.0497274
0.0601431
0.055707
0.050234
0.0608489
0.0565336
0.0565873
0.0444289
0.0497365
0.0459512
0.0661099
0.063478
0.0455611
0.0383401
0.0584363
0.0383964
0.0479875
0.0432525
0.0413579
0.0567599
0.0402957
0.0473562
0.0412678
0.0401388
0.0338535
0.0616359
0.0581612
0.0626762
0.0506725
0.0610653
0.0472191
0.0477098
0.0602339
0.0517466
0.0525761
0.069798
0.0504071
0.0461321
0.0453384
0.0529042
0.0520824
0.0469616
0.0552698
0.0530596
0.0541338
0.0437147
0.0485037
0.040797
0.0530757
0.0548379
0.052054
0.0470865
0.0509107
0.065075
0.0493588
0.0544803
0.0529008
0.0571002
0.0517857
0.0582758
0.0518671
0.0497976
0.0562546
0.052681
0.0489027
0.0553019
0.0422144
0.0407099
0.0507269
0.0390712
0.0403497
0.0388777
0.0429059
0.0555159
0.0461526
0.0520414
0.0408892
0.0455192
0.0517199
0.0587742
0.0526749
0.0557398
0.0537297
0.0499946
0.048333
0.0423219
0.0409567
0.0366
0.0379216
0.0520854
0.0474355
0.0589642
0.0560763
0.0443689
0.0366252
0.0421229
0.0372836
0.0367883
0.0455223
0.0473217
0.0398093
0.0421252
0.0559781
0.0649955
0.0443903
0.0515347
0.0476304
0.037681
0.0515688
0.0417599
0.0461118
0.0423505
0.0382803
0.0355985
0.0500874
0.0400989
0.0381096
0.0360696
0.0433814
0.0402753
0.0426402
0.0531133
0.0389977
0.0369293
0.0369642
0.0450329
0.0474689
0.0389145
0.0524735
0.0443569
0.0567
0.0510729
0.0445135
0.0442088
0.044707
0.0474666
0.041186
0.0351549
0.039047
0.0354895
0.0451244
0.0356636
0.0394685
0.0446919
0.0417089
0.0412478
0.0319447
0.0270781
0.032008
0.0407953
0.0377418
0.0310893
0.0308119
0.0442062
0.0451702
0.0351533
0.0295759
0.0206889
0.0271449
0.0244677
0.0277969
0.0198708
0.02279
0.0195708
0.0273287
0.0177255
0.0210412
0.0199416
0.017966
0.0177534
0.0194555
0.0200087
0.0243585
0.0237396
0.0284352
0.0263994
0.0470515
0.0337564
0.031597
0.0275791
0.0287599
0.0287918
0.0382093
0.0293732
0.0324737
0.0350049
0.0305988
0.0418786
0.0441967
0.0370219
0.0307658
0.032041
0.03182
0.0345329
0.0336134
0.0319528
0.0315714
0.0335336
0.0455827
0.0465764
0.0336119
0.0401139
0.0332102
0.0346126
0.0341975
0.0295955
0.0358213
0.0340634
0.0417235
0.0451003
0.0441474
0.0342332
0.0353727
0.0323715
0.035527
0.037688
0.0324771
0.036575
0.0384509
0.0305967
0.0448088
0.0414312
0.039906
0.03259
0.0364698
0.0399352
0.043786
0.036262
0.0343343
0.0393109
0.0411146
0.0444145
0.0342738
0.0490246
0.0549077
0.0382726
0.0393929
0.0387434
0.0438662
0.0361089
0.0426779
0.0393988
0.0368499
0.043271
0.0345065
0.0369947
0.0491608
0.0422631
0.0386757
0.0403338
0.042412
0.03713
0.0416161
0.0402435
0.0388898
0.0350155
0.0599023
0.0489487
0.0431245
0.0457569
0.0406216
0.0537406
0.0407714
0.0480321
0.0473105
0.0551315
0.0388887
0.0558758
0.0503301
0.0607905
0.0501514
0.0462092
0.0444871
0.0533991
0.0485859
0.0428728
0.0414418
0.0342576
0.0427199
0.0488872
0.0430788
0.0506255
0.0478669
0.0505357
0.0426187
0.0366722
0.0381851
0.0378629
0.0367106
0.0410768
0.0457514
0.0563179
0.0419386
0.0393945
0.060045
0.048322
0.0368399
0.0371397
0.0405374
0.0478242
0.0415743
0.0401668
0.0469141
0.0457129
0.0358653
0.0486035
0.0462655
0.0494207
0.0543056
0.0413677
0.0407662
0.0542131
0.0438587
0.0584854
0.0495201
0.0461883
0.0451709
0.0412725
0.036637
0.0424159
0.0488477
0.0497724
0.0551843
0.0509628
0.0556182
0.0562984
0.0392634
0.042018
0.0380315
0.0389351
0.0446502
0.0378537
0.0386217
0.0378558
0.0401855
0.0379119
0.0522029
0.041484
0.0498291
0.051882
0.0452261
0.0373345
0.0438353
0.0410569
0.0400983
0.0515381
0.0564337
0.0557702
0.0545984
0.0484074
0.0496506
0.0374389
0.0397031
0.0462625
0.0509707
0.0394905
0.0485002
0.0533129
0.0646622
0.054616
0.0588986
0.0515479
0.0423944
0.0528052
0.0539526
0.0537442
0.0558946
0.053513
0.0438726
0.0496761
0.0479391
0.0447618
0.04444
0.0444228
0.0517085
0.0551115
0.0581664
0.0546421
0.0506491
0.0383069
0.0442218
0.0449607
0.05421
0.0595311
0.0541495
0.0376472
0.0411288
0.0460376
0.0499779
0.0430966
0.0542594
0.0418661
0.0402162
0.0476263
0.0449399
0.0502161
0.0509714
0.0607969
0.0529077
0.0597278
0.0597732
0.0548844
0.053317
0.0412745
0.040712
0.0412023
0.0404638
0.0533027
0.0435613
0.0481772
0.0452904
0.0525871
0.057268
0.0612299
0.0579579
0.0544258
0.0446983
0.0418367
0.0426484
0.0331202
0.0543268
0.0599183
0.0575644
0.042107
0.0609768
0.060809
0.0529938
0.0517214
0.0436643
0.0496693
0.0496537
0.0379771
0.0534322
0.0624004
0.0580765
0.0479723
0.0536307
0.0691008
0.0595855
0.0413079
0.0488334
0.0568565
0.055097
0.0507745
0.0482806
0.0434163
0.0473854
0.0407767
0.0433173
0.0437904
0.0482058
0.0563697
0.0460629
0.0595855
0.0523046
0.0546434
0.0507654
0.0515728
0.0452723
0.050583
0.0536527
0.057591
0.0536456
0.0432538
0.0523482
0.0548858
0.0494853
0.0433891
0.0425361
0.0532887
0.0523876
0.0654449
0.0639132
0.0705713
0.0610011
0.0527257
0.0419142
0.0377867
0.0523461
0.0442123
0.0536774
0.0589239
0.0646647
0.0634601
0.0474438
0.0473396
0.0538003
0.0490815
0.0551317
0.0449798
0.0511886
0.0598188
0.0478106
0.0432992
0.0436739
0.04247
0.0464756
0.0529543
0.041693
0.0728728
0.0457601
0.0376817
0.0577119
0.045735
0.0616076
0.0521163
0.0443092
0.0378959
0.0558963
0.0408419
0.0468754
0.0410722
0.0418316
0.0523846
0.0542068
0.0557055
0.0405684
0.037743
0.0450754
0.0546383
0.0447129
0.04948
0.0573892
0.0434797
0.0502709
0.0651828
0.0582364
0.0578822
0.0563816
0.0472594
0.063936
0.0751584
0.0621865
0.0603507
0.0592596
0.0485731
0.0475366
0.0581165
0.0654215
0.0426585
0.0613402
0.0466801
0.0640385
0.0607847
0.0489938
0.0465245
0.054033
0.0413983
0.0603245
0.0637785
0.0507985
0.0579617
0.0519335
0.046463
0.0520864
0.0419694
0.0478596
0.0479973
0.0527366
0.0574373
0.0486168
0.0563873
0.0530456
0.0493488
0.0470788
0.0607659
0.045005
0.0434306
0.0492788
0.0413196
0.0407661
0.0507703
0.0561534
0.0585805
0.0551106
0.0547395
0.0511406
0.047237
0.0494478
0.0486167
0.0536891
0.050733
0.0416446
0.0412912
0.0594523
0.0421935
0.0402171
0.0385963
0.0573882
0.0436039
0.0445516
0.0423418
0.045422
0.0422219
0.0403601
0.0469287
0.0404586
0.0347655
0.0488249
0.0400892
0.0510438
0.0563871
0.0571771
0.0579849
0.0529793
0.0400164
0.0424961
0.0446815
0.0525843
0.0635791
0.0595976
0.0482939
0.0514692
0.0619997
0.0629461
0.0597033
0.0538302
0.0403632
0.0541031
0.0601168
0.0644807
0.0488709
0.0490772
0.0589172
0.0575885
0.045293
0.051742
0.048027
0.0468034
0.0440067
0.0437261
0.0510711
0.0447779
0.0493022
0.065185
0.0505182
0.0613691
0.0512413
0.0503935
0.0489888
0.0478185
0.0420297
0.0562836
0.0551606
0.0589349
0.0582198
0.0585257
0.053353
0.0475591
0.0436239
0.0457231
0.0430729
0.0539058
0.0544642
0.0761411
0.0604906
0.0542292
0.0708985
0.0590458
0.0459771
0.0539428
0.0587192
0.0571335
0.0503598
0.0422147
0.0496248
0.0400681
0.0400063
0.0480435
0.0444061
0.0463683
0.0480959
0.0473631
0.0453494
0.0431824
0.0571348
0.0602785
0.0654968
0.0654294
0.053129
0.0499077
0.0638207
0.0599411
0.0530504
0.0515676
0.0466757
0.0612352
0.0453023
0.0516208
0.0459084
0.041827
0.0397678
0.0420764
0.0383825
0.0381022
0.0518335
0.0603875
0.0586653
0.0555867
0.0544406
0.0434151
0.0627743
0.0552093
0.0707471
0.0531136
0.0516481
0.0563151
0.0376648
0.0456336
0.056049
0.0514689
0.0444715
0.0487036
0.0547047
0.0500821
0.040439
0.0409936
0.0507492
0.0439649
0.0546748
0.0398791
0.0407462
0.0396764
0.0471507
0.0505589
0.0578258
0.0573983
0.0555371
0.0396941
0.0373065
0.043192
0.0608929
0.0534057
0.0399482
0.0455525
0.0513577
0.0570478
0.0570701
0.0534826
0.0385518
0.0411304
0.0399689
0.0418404
0.036075
0.0416041
0.0494956
0.048972
0.0559424
0.0431378
0.0407483
0.049179
0.0505346
0.0582473
0.0455908
0.0484535
0.0606075
0.0653444
0.0555108
0.0576863
0.0567098
0.0626205
0.0639943
0.0567056
0.0443687
0.052888
0.0438117
0.0434455
0.0424374
0.0510167
0.048683
0.0582465
0.0516524
0.0432548
0.0479138
0.0613151
0.0573112
0.0605172
0.0448075
0.0528801
0.0467858
0.0511207
0.0457244
0.0491823
0.0532274
0.0486048
0.045909
0.041722
0.0470677
0.0615599
0.0546901
0.0485032
0.0501328
0.0491668
0.0649815
0.0557024
0.0567716
0.0490961
0.0456311
0.0501201
0.0416184
0.0491488
0.0570898
0.0579039
0.0584909
0.0554495
0.0475265
0.0530605
0.0603945
0.0563368
0.0612959
0.0477682
0.0450212
0.0535473
0.0519235
0.0618749
0.0546634
0.0594819
0.0431311
0.0471367
0.0588961
0.0504832
0.060738
0.0553138
0.0532007
0.0551884
0.0464123
0.0583115
0.052156
0.0450379
0.0495844
0.0440704
0.0616369
0.0499612
0.0635736
0.0536884
0.0491644
0.0500637
0.0398362
0.0429942
0.0554566
0.048305
0.037184
0.0409521
0.0439371
0.0434608
0.0520332
0.0489153
0.0482818
0.0408662
0.0524242
0.0568648
0.0557666
0.0435152
0.0530467
0.041691
0.0523587
0.0445732
0.0381492
0.0459125
0.0384307
0.0459672
0.0504023
0.0593809
0.0521164
0.0394552
0.0440239
0.0550324
0.0455498
0.0439184
0.0544301
0.0536356
0.0437775
0.0469631
0.0491356
0.0616008
0.0620661
0.0461184
0.0413641
0.0585632
0.0570626
0.0486836
0.0479691
0.04551
0.0424245
0.0414721
0.0481004
0.0442782
0.0587714
0.0571436
0.0573624
0.047106
0.05608
0.0609826
0.0628622
0.053285
0.0431713
0.0607341
0.0779499
0.0483658
0.055779
0.0473868
0.0604672
0.0549714
0.0466135
0.0470933
0.043284
0.0414577
0.0394538
0.0428963
0.0430507
0.0396265
0.0391128
0.0496118
0.0598536
0.0467377
0.041814
0.0424887
0.0530842
0.0486582
0.043939
0.0504221
0.0458402
0.0434021
0.0451368
0.0370281
0.0417549
0.05447
0.0508889
0.0546474
0.0431873
0.0440925
0.0401285
0.0532057
0.0541654
0.0460886
0.0484241
0.0460136
0.0458541
0.0361971
0.049436
0.0412487
0.0415967
0.0448949
0.0483918
0.0428059
0.0421221
0.0485345
0.046626
0.0510523
0.0421769
0.0359054
0.05974
0.0544749
0.0515744
0.0531268
0.0454218
0.0526981
0.061011
0.0465757
0.0355578
0.0371092
0.0508963
0.0496886
0.0535822
0.0426719
0.0413121
0.0465361
0.0590457
0.044655
0.0539053
0.0391591
0.0400809
0.0425881
0.0499048
0.0518346
0.0586004
0.0588545
0.0605806
0.0590789
0.0460944
0.0475473
0.046931
0.0435726
0.0445181
0.0429799
0.0418803
0.0398562
0.0457595
0.0419167
0.0585473
0.0650961
0.0542594
0.0652029
0.0565191
0.0586371
0.045021
0.0564518
0.0432726
0.060361
0.0648502
0.0551566
0.0526085
0.0564966
0.0577916
0.0413438
0.0542755
0.049913
0.0536524
0.0420165
0.0499281
0.0582475
0.0496753
0.0448245
0.0528698
0.0494082
0.0609812
0.056455
0.058636
0.051571
0.0559174
0.0504549
0.0550422
0.0515023
0.0501792
0.0625336
0.0722888
0.0552017
0.0642488
0.0637977
0.0602213
0.0539714
0.0558268
0.0637949
0.0585798
0.0586056
0.059999
0.067299
0.0712085
0.0585138
0.0579667
0.0495744
0.0469747
0.0485433
0.0567184
0.0682057
0.061885
0.0589887
0.0568796
0.0460853
0.0588318
0.061433
0.0537709
0.0505638
0.0464599
0.0584134
0.0485284
0.0546139
0.052955
0.0581817
0.0470954
0.0471356
0.0425682
0.0462454
0.0384839
0.0407828
0.0591545
0.0575956
0.0498355
0.0486719
0.0515451
0.0507581
0.0522981
0.0505834
0.0583858
0.0506438
0.0484668
0.0441999
0.0496612
0.0497598
0.0595418
0.0404553
0.0474115
0.0473142
0.0509535
0.0354095
0.0480437
0.0553719
0.0440878
0.0427211
0.0393872
0.0446166
0.0560324
0.0725619
0.0543847
0.0629093
0.0471542
0.040985
0.0566411
0.0348521
0.0501163
0.0643373
0.0473163
0.0559018
0.0490704
0.0475829
0.040926
0.0461017
0.0568606
0.0513078
0.0444066
0.0387908
0.0270198
0.0366639
0.0302202
0.0342728
0.0278175
0.0364157
0.0368283
0.023462
0.0342227
0.0349392
0.0302755
0.0274054
0.0279696
0.0276173
0.0219057
0.0331531
0.0286683
0.026827
0.0282453
0.0235941
0.0289718
0.0378562
0.0273609
0.0242824
0.0278864
0.0391578
0.0287527
0.0249036
0.0234734
0.0354156
0.0377192
0.0308089
0.0228017
0.0249436
0.0266381
0.0242819
0.0271116
0.0243008
0.0405107
0.0404092
0.0312981
0.0347235
0.0422581
0.0327009
0.0368329
0.0322911
0.0280522
0.025547
0.029523
0.0318965
0.0282383
0.039193
0.0351355
0.0371923
0.0368418
0.0460673
0.0526306
0.0318696
0.0307586
0.0338345
0.0306205
0.0307973
0.0318187
0.0379238
0.0569414
0.0407101
0.031152
0.0365081
0.0367183
0.0319967
0.0397213
0.0250934
0.0480725
0.0510373
0.0444999
0.0442768
0.0321293
0.0370934
0.0363
0.0357133
0.0494448
0.0440522
0.0475831
0.0313008
0.0393744
0.0407554
0.0496744
0.0516404
0.0390984
0.0453595
0.0479579
0.05677
0.0377863
0.0419729
0.0539005
0.0430807
0.0366473
0.0447083
0.0409733
0.0370435
0.035302
0.0498214
0.0404379
0.0351232
0.0453536
0.0497413
0.0312178
0.0303854
0.0426219
0.0350481
0.0313002
0.0290047
0.0340849
0.0325221
0.0301297
0.0364693
0.0379833
0.0410836
0.0437172
0.0431967
0.0299629
0.0309952
0.0313082
0.0291899
0.0313934
0.034731
0.0420314
0.0463481
0.0441824
0.0434727
0.0312031
0.0290362
0.0387381
0.0261546
0.0295618
0.0280096
0.0378071
0.0380403
0.0379676
0.0417328
0.0393183
0.0360784
0.0333772
0.0339924
0.0424763
0.0430407
0.0393865
0.030743
0.0338562
0.0327389
0.0325479
0.0351019
0.0326515
0.0323511
0.033808
0.0340883
0.0277746
0.0289064
0.0399193
0.0359504
0.035396
0.0341219
0.0309143
0.0284568
0.0394092
0.0280446
0.0333077
0.039569
0.0458668
0.0354626
0.0257579
0.0232052
0.0361059
0.0299217
0.0355504
0.0408108
0.043395
0.0466355
0.0448923
0.038679
0.0433209
0.0364713
0.0298696
0.0331358
0.0396081
0.0300667
0.0311207
0.0228266
0.0478753
0.0400154
0.0388932
0.039132
0.0358556
0.0371024
0.0460066
0.0386121
0.0424294
0.0428249
0.0226109
0.0273402
0.0373717
0.0386147
0.0370057
0.0383245
0.0398477
0.0432491
0.0390774
0.0385663
0.0438723
0.0425317
0.0385947
0.0271363
0.0292069
0.0315168
0.0356371
0.0405471
0.0417568
0.0411144
0.0293592
0.027551
0.0314366
0.0387326
0.0496436
0.0445508
0.0363701
0.0499598
0.0462477
0.0335136
0.0330505
0.0344396
0.0336817
0.0327195
0.035964
0.0389294
0.0408606
0.0365955
0.035884
0.0458604
0.0418638
0.0415546
0.0442965
0.044156
0.0354709
0.0366378
0.0291608
0.036705
0.0386325
0.0394243
0.0341266
0.03471
0.0344356
0.0414348
0.0479903
0.0516997
0.0493448
0.0377062
0.0399052
0.0451465
0.0375236
0.0380085
0.0339459
0.0371607
0.0418506
0.0369822
0.0424087
0.0567075
0.0518614
0.0424363
0.0381024
0.0361056
0.0375778
0.0371503
0.062065
0.054912
0.0539701
0.0415691
0.0375754
0.0406213
0.0390773
0.0494182
0.0371705
0.0617424
0.0552936
0.049001
0.0402195
0.0400926
0.0398138
0.0398221
0.0514522
0.0602581
0.0478548
0.0471704
0.045874
0.0518786
0.0412022
0.0549817
0.0433706
0.0420765
0.051529
0.0467487
0.0486832
0.0417353
0.0488267
0.0499558
0.0537475
0.0580554
0.0507628
0.0585386
0.0523188
0.0567482
0.0443868
0.0347873
0.0394482
0.0390242
0.0406617
0.0511564
0.050828
0.0500119
0.0395235
0.0527452
0.0514429
0.0552847
0.0427621
0.0439552
0.0341366
0.0419878
0.049939
0.0392059
0.0519318
0.0529727
0.0462609
0.0382171
0.0305082
0.0423605
0.0389879
0.0486174
0.0452749
0.0352723
0.0351776
0.0342293
0.0440506
0.0371546
0.036195
0.0324004
0.0447043
0.0470221
0.0394294
0.0512017
0.0322141
0.0319051
0.0282892
0.0344421
0.0318023
0.0342491
0.0398916
0.0351047
0.0412449
0.035267
0.0647435
0.0485799
0.0436645
0.0525907
0.0371979
0.0403007
0.04028
0.0423067
0.0395288
0.0369076
0.0579977
0.0489997
0.0359084
0.0371063
0.0391225
0.0378356
0.0383906
0.0346766
0.0529009
0.0551791
0.0424523
0.0373695
0.0386839
0.037944
0.042267
0.0477812
0.0375502
0.0457677
0.045917
0.0403469
0.034704
0.0358239
0.0389154
0.044596
0.0430725
0.0586089
0.0498027
0.0446045
0.0372347
0.036291
0.0408349
0.0400331
0.0449723
0.0492598
0.039241
0.0415441
0.0421203
0.0461746
0.0362266
0.0427386
0.0392615
0.0365705
0.0367355
0.052453
0.0471757
0.0572009
0.0527752
0.0497011
0.0400215
0.0438343
0.0487496
0.0351253
0.0368749
0.0437763
0.0445981
0.0390367
0.0405441
0.0358843
0.0450154
0.0431305
0.041441
0.03846
0.0486858
0.0561437
0.0445937
0.0439499
0.0460414
0.0405244
0.0380503
0.0382823
0.0498275
0.0610558
0.042778
0.0604341
0.0490081
0.0490239
0.0408183
0.0505439
0.0411602
0.042975
0.0364547
0.0616087
0.0527777
0.0392989
0.0456198
0.053877
0.0447861
0.043758
0.035947
0.0468215
0.0660765
0.0388011
0.041939
0.0451999
0.0530961
0.0524568
0.0552243
0.0517751
0.0571796
0.0555726
0.056461
0.0355703
0.0473982
0.0555433
0.0451854
0.051771
0.0465298
0.0365024
0.0401126
0.0431862
0.0398848
0.0491096
0.0390575
0.0396862
0.0421289
0.0557798
0.0488912
0.0581403
0.0459011
0.0369167
0.0455853
0.0512332
0.0488959
0.0522737
0.0461756
0.0511002
0.0534371
0.0359264
0.0466074
0.0471545
0.0536968
0.0515185
0.0485591
0.0431399
0.0545429
0.0506403
0.0570971
0.0564289
0.0471668
0.0481015
0.0354662
0.0461752
0.0541356
0.0557049
0.0474151
0.0447863
0.0515595
0.0580535
0.0372862
0.0376823
0.0454428
0.0498987
0.039722
0.0417217
0.0355515
0.0480787
0.0421245
0.0390913
0.0502092
0.0592891
0.0320618
0.0357537
0.0373239
0.0379469
0.0518113
0.0483357
0.0427324
0.0459832
0.0442199
0.034918
0.0351513
0.0392535
0.0355136
0.0352741
0.0365907
0.0378801
0.0444446
0.0437696
0.0333601
0.0359437
0.0440383
0.0393128
0.0411042
0.0393387
0.0403783
0.0311589
0.0312075
0.0244372
0.0390578
0.0263789
0.0305809
0.0361779
0.0211979
0.0331275
0.0282559
0.0403713
0.0340875
0.0345926
0.0377697
0.045528
0.0452451
0.0328693
0.0273467
0.0330307
0.0350453
0.0322017
0.037841
0.0303018
0.0329034
0.0333724
0.0278392
0.034268
0.0380009
0.0274692
0.0494131
0.0448791
0.0502963
0.0304006
0.0387167
0.0404961
0.0341343
0.0432371
0.0330103
0.0373067
0.0379603
0.0327471
0.0322036
0.0369528
0.0381422
0.0498791
0.0279449
0.0365079
0.0332584
0.037328
0.032865
0.0391485
0.044951
0.0323962
0.0368558
0.0396885
0.0352772
0.0360617
0.0357714
0.0559143
0.0394328
0.0378256
0.057122
0.0382924
0.0383902
0.0378574
0.0407579
0.0354752
0.0420667
0.0391904
0.0341766
0.0318816
0.0351881
0.0401291
0.0310578
0.0424499
0.033099
0.0345091
0.0321227
0.0395827
0.0539328
0.0474923
0.0375442
0.0367122
0.0346418
0.0374169
0.040622
0.0339759
0.0362462
0.0382388
0.0318199
0.0357454
0.0399839
0.0353865
0.0341992
0.0294384
0.0397373
0.0360447
0.0372723
0.0446234
0.0378198
0.0407009
0.0336419
0.0440101
0.0407162
0.0354369
0.0473303
0.0434946
0.0518096
0.0427183
0.042541
0.0406504
0.0451558
0.0374034
0.04019
0.0354918
0.0512774
0.0431352
0.0492412
0.0419535
0.0414941
0.0374974
0.0459471
0.0347271
0.0382532
0.0417261
0.0503617
0.0456737
0.0390171
0.0400909
0.0384622
0.0369012
0.0575861
0.0428906
0.0618861
0.0631446
0.0521457
0.0334389
0.0382137
0.0388845
0.0390372
0.0584348
0.0504441
0.0497392
0.0618133
0.0591476
0.048104
0.0378937
0.0537235
0.0553584
0.0436482
0.0323107
0.0348852
0.0416463
0.0388105
0.0536302
0.0356005
0.0405944
0.0396968
0.0620812
0.0426498
0.0494345
0.0427709
0.0467114
0.0483843
0.0608466
0.0532463
0.060555
0.0481988
0.0471713
0.044964
0.0383265
0.0504745
0.0538163
0.0435779
0.0490325
0.0519416
0.0469466
0.0427996
0.0424051
0.0563482
0.0582279
0.0643004
0.0560762
0.057608
0.0551279
0.0383753
0.0381622
0.0368608
0.0404042
0.0439298
0.0520541
0.0418163
0.0331681
0.0415771
0.0451757
0.0390157
0.0347026
0.0489747
0.0536979
0.044159
0.0635817
0.037527
0.0404735
0.0420966
0.0501681
0.0589914
0.0534631
0.0515862
0.0457216
0.050748
0.0590351
0.0559242
0.0519935
0.0614576
0.0446779
0.0489961
0.0430479
0.0554135
0.0492392
0.0477672
0.0610004
0.0596896
0.0618066
0.0607737
0.0531689
0.046328
0.0529934
0.0532186
0.0573915
0.0609411
0.0498106
0.0413532
0.0481474
0.0401867
0.0380047
0.0434271
0.0403855
0.0446858
0.0448013
0.047326
0.0401046
0.0440689
0.045732
0.0354242
0.0324415
0.0316567
0.0305268
0.0517774
0.0388257
0.0320395
0.0416403
0.0307966
0.027222
0.0369675
0.039703
0.0442071
0.0480393
0.0425372
0.0347425
0.0347887
0.0363063
0.0333633
0.0454183
0.0430464
0.0380671
0.0382628
0.0432084
0.0402028
0.0393532
0.0345432
0.0387544
0.0337194
0.046949
0.0449505
0.0442868
0.040941
0.0563966
0.0439572
0.0384057
0.039218
0.0377493
0.0325377
0.0340701
0.0347518
0.0412864
0.037207
0.0356629
0.0381015
0.0385364
0.0495194
0.0394239
0.0314711
0.0437955
0.0391529
0.0618975
0.0666474
0.0614825
0.0677058
0.0606437
0.0626515
0.0477429
0.0477346
0.0565903
0.0584024
0.06103
0.0582564
0.0484877
0.0512147
0.047794
0.0490765
0.0492267
0.0679228
0.0651431
0.0616632
0.054028
0.0460402
0.049394
0.0472515
0.0601586
0.0655468
0.072966
0.0596572
0.073333
0.0619419
0.0447057
0.0666453
0.0492565
0.0689663
0.0571205
0.0495656
0.0566826
0.0664645
0.0768927
0.080335
0.0610229
0.0500502
0.0644593
0.0623849
0.0592562
0.050964
0.061786
0.0708836
0.0549648
0.0796237
0.0767276
0.108963
0.0812231
0.0794465
0.0764514
0.0726188
0.0716124
0.0670339
0.082073
0.0840877
0.0787894
0.0736953
0.0769964
0.0707178
0.0631353
0.0495009
0.0768788
0.0774676
0.080331
0.0826245
0.0699469
0.0713558
0.0681981
0.0680622
0.082082
0.0694125
0.0732602
0.058009
0.0703317
0.0722433
0.0858308
0.0544928
0.0450688
0.0659458
0.0650348
0.0722185
0.0678074
0.0591232
0.0668934
0.0660046
0.066634
0.0548179
0.066391
0.0801609
0.0795525
0.0624566
0.0640641
0.0675918
0.0762527
0.0658552
0.0796864
0.0674207
0.0688882
0.0661548
0.0720259
0.0695833
0.0788097
0.0561318
0.0763463
0.0724586
0.067212
0.0697874
0.068969
0.0653344
0.0596358
0.061194
0.0473204
0.0482803
0.0591352
0.0649586
0.0682691
0.0560909
0.065086
0.0778402
0.0649535
0.0676565
0.0634
0.0750857
0.0605848
0.0558479
0.0505627
0.0486972
0.0696129
0.0592192
0.0533065
0.0538751
0.0515224
0.0462446
0.0509574
0.0574495
0.0585141
0.0498374
0.0437598
0.053981
0.065278
0.0657267
0.062155
0.0496918
0.0559913
0.0520478
0.046746
0.0599553
0.0663783
0.0767373
0.0593119
0.0591084
0.0713604
0.0806434
0.0776365
0.0727117
0.0631292
0.0538815
0.0733245
0.0697852
0.0706767
0.0666988
0.0581366
0.0689695
0.0556951
0.0536256
0.0611068
0.0583383
0.0688482
0.0691445
0.0458013
0.0656129
0.0777159
0.0482891
0.0561626
0.0617556
0.0775902
0.0594923
0.0470167
0.0492058
0.0446781
0.0508832
0.0583102
0.0530625
0.0582833
0.0638407
0.0612909
0.0489541
0.044431
0.0775066
0.0689207
0.0737868
0.0635616
0.0471852
0.0643009
0.0526335
0.058562
0.070502
0.0472232
0.0514997
0.0498523
0.0530157
0.0641341
0.0575246
0.0670442
0.0605434
0.0634172
0.0628976
0.0567161
0.0613445
0.0458131
0.0650558
0.0567327
0.0643766
0.0644357
0.0590717
0.0403778
0.0590266
0.0647767
0.0565476
0.0562137
0.0610724
0.0737706
0.0542892
0.0552925
0.0568521
0.0376956
0.0503433
0.0518848
0.0465241
0.0463728
0.0521688
0.0588834
0.0662894
0.0480066
0.0436968
0.0510332
0.0474793
0.0653555
0.07155
0.0664732
0.050647
0.059108
0.0617742
0.0510795
0.0676612
0.0471703
0.0568964
0.056244
0.050094
0.062001
0.0516222
0.0538642
0.064015
0.0483619
0.0572606
0.0661742
0.0602915
0.0590867
0.0514217
0.0607781
0.0662707
0.0623882
0.0546699
0.047508
0.0476054
0.0557793
0.0589979
0.0561212
0.0583826
0.0622987
0.0582161
0.0551828
0.0509006
0.0579454
0.0678355
0.0610348
0.0554471
0.0506899
0.0451311
0.045043
0.0515578
0.060221
0.0645844
0.0530477
0.0519633
0.0474101
0.0642188
0.0495862
0.0536722
0.0610004
0.0591453
0.0651248
0.0584698
0.0638552
0.064189
0.0641687
0.0561547
0.0420241
0.054751
0.043975
0.0590021
0.0463706
0.0442892
0.0436957
0.056155
0.0518374
0.0554443
0.0639576
0.0477016
0.0620558
0.055224
0.0639718
0.0440762
0.0662024
0.0644224
0.0551901
0.0534918
0.0479297
0.057466
0.07522
0.0585002
0.0497762
0.0515825
0.0538432
0.0483532
0.0495603
0.0476886
0.0497111
0.0513197
0.0439268
0.0500173
0.0465245
0.0441766
0.0469469
0.0467439
0.0518445
0.0547308
0.0509439
0.0489154
0.0454534
0.0534637
0.056743
0.0567223
0.0525331
0.0516903
0.0593298
0.0508957
0.049551
0.0555243
0.0524132
0.0565919
0.0600207
0.0511503
0.0509116
0.0550224
0.0446549
0.0463352
0.0529043
0.0525101
0.0466628
0.0836644
0.0866687
0.115788
0.0971457
0.110744
0.0801696
0.121187
0.111074
0.0999147
0.134241
0.065229
0.102683
0.139823
0.0759967
0.0754283
0.0842638
0.061011
0.0822557
0.0717731
0.0737716
0.0628016
0.0611802
0.0757602
0.0647781
0.075403
0.0730156
0.0663205
0.0839999
0.0965147
0.0920116
0.0712515
0.0623951
0.0766745
0.070728
0.0581361
0.0527048
0.0748272
0.0710749
0.0799408
0.0547307
0.0563092
0.0595087
0.0631658
0.0560679
0.0570628
0.0553207
0.0470087
0.0458041
0.0527475
0.046273
0.0759878
0.0607711
0.0651849
0.0706315
0.0555079
0.081447
0.0854158
0.0629281
0.0703268
0.0676862
0.0448718
0.0653721
0.0508075
0.0495419
0.045145
0.0552169
0.0631158
0.0548709
0.0530036
0.0444087
0.0549006
0.0712986
0.0626907
0.063834
0.0674996
0.0729247
0.0537407
0.0580698
0.0655046
0.0659029
0.0517732
0.057515
0.0682759
0.0664157
0.0636192
0.0467151
0.0701374
0.065668
0.0704284
0.0492791
0.0536737
0.0656382
0.0664421
0.046972
0.0597775
0.0724824
0.0705468
0.0533359
0.0599707
0.0735359
0.0630124
0.0773128
0.050389
0.0475631
0.0583516
0.0471603
0.0526215
0.0460855
0.0488037
0.0511791
0.0446698
0.0506223
0.0476675
0.0434273
0.0541229
0.0624633
0.0542002
0.0467089
0.0488887
0.0497186
0.0464459
0.0443382
0.0483436
0.0421868
0.0486421
0.0529848
0.0520872
0.0500171
0.068015
0.0570205
0.0524962
0.0620051
0.0500976
0.0646292
0.0810478
0.0773322
0.0537998
0.0573298
0.0547627
0.0681489
0.0584315
0.0654041
0.0523946
0.0505236
0.0699074
0.0607548
0.0609534
0.0508598
0.0490187
0.0554637
0.0608181
0.055296
0.066135
0.0638835
0.0540212
0.0521741
0.0582722
0.0524691
0.046788
0.0540636
0.055361
0.0520308
0.0485405
0.0553241
0.0554346
0.0495231
0.0515521
0.0467711
0.0496851
0.0457161
0.0478572
0.0538337
0.049359
0.0696405
0.0557401
0.0733234
0.0664162
0.0698922
0.0581889
0.057893
0.0510798
0.0683186
0.0604
0.0439679
0.0646335
0.0664017
0.0681443
0.0669644
0.0576106
0.0566134
0.0551884
0.0557602
0.05538
0.054873
0.0540097
0.0453759
0.0575385
0.0586727
0.0396824
0.049981
0.0586303
0.0701442
0.0663595
0.0576261
0.0502729
0.0498346
0.054905
0.0555547
0.0428311
0.0470686
0.0470162
0.0585951
0.0562072
0.0531737
0.0547765
0.0606343
0.0769141
0.0563393
0.0675931
0.05056
0.0460801
0.0455447
0.0439646
0.0546586
0.070575
0.0599363
0.0453084
0.0476447
0.0403306
0.0434015
0.0433722
0.0471073
0.0403757
0.0472694
0.0467824
0.0675472
0.0528463
0.0454052
0.0546503
0.051069
0.0511379
0.0612625
0.0615694
0.0535241
0.0661082
0.0478417
0.0513837
0.0656482
0.0835139
0.0601418
0.054906
0.0571363
0.0646652
0.0455167
0.0573507
0.0579799
0.0642028
0.0589386
0.0531488
0.0754591
0.0598189
0.0525668
0.0413386
0.0417705
0.0720628
0.0492272
0.0572558
0.0625803
0.0450269
0.0452015
0.0602394
0.0526797
0.044752
0.0424091
0.0388071
0.065333
0.0545224
0.0558117
0.0436858
0.0541696
0.0530038
0.0504023
0.0502366
0.0503914
