0.0480149
0.0870828
0.0701964
0.0639584
0.0539645
0.0562395
0.0601875
0.123371
0.0524063
0.0451464
0.0381899
0.0340493
0.0433588
0.0401058
0.0515679
0.0584959
0.0473803
0.063087
0.0451018
0.0504388
0.0467568
0.038862
0.0408701
0.0464412
0.0547562
0.0415829
0.0566198
0.0537882
0.0510183
0.0559143
0.0558725
0.0499129
0.0541331
0.0461727
0.0486037
0.0474693
0.0536972
0.0427634
0.0508581
0.0394396
0.0461168
0.0477765
0.0436703
0.0375927
0.0394544
0.0420725
0.050221
0.0418573
0.0490253
0.0464574
0.0427023
0.0553093
0.057187
0.0485348
0.0448762
0.0501325
0.0542326
0.051562
0.0429546
0.0469311
0.0602206
0.0446114
0.0451511
0.0481512
0.0419429
0.0475942
0.0400203
0.0395408
0.0341362
0.0460482
0.0441104
0.0535746
0.0439956
0.0575303
0.0523368
0.0609429
0.0531639
0.0515526
0.0511861
0.0435137
0.0581523
0.0450919
0.0460515
0.034171
0.0365762
0.0390785
0.0444752
0.0537598
0.0474505
0.0586385
0.0361129
0.0480272
0.0395444
0.0443694
0.0567052
0.0588632
0.0482133
0.0504901
0.053923
0.0540704
0.0506617
0.0480088
0.0503126
0.0473911
0.0415565
0.0522327
0.0426652
0.0504453
0.0374188
0.0440491
0.0476272
0.0571731
0.0395618
0.0453471
0.0518816
0.0456878
0.0453025
0.0495804
0.0434429
0.04485
0.0535354
0.0556074
0.0397059
0.0485647
0.0433385
0.049384
0.0516354
0.0477795
0.0537656
0.0498448
0.0508653
0.04006
0.0494625
0.0429234
0.0435858
0.0455539
0.045973
0.0410488
0.045517
0.0423819
0.0489382
0.0392365
0.0487687
0.0518288
0.0380458
0.0598744
0.043173
0.0402831
0.0534204
0.0557885
0.0564943
0.0552489
0.0564441
0.0421173
0.0472251
0.0506647
0.0481413
0.0505776
0.0565375
0.0434209
0.0530548
0.0502412
0.0439895
0.0411848
0.0416786
0.0433672
0.0464352
0.0579785
0.0465842
0.0456569
0.053497
0.0536455
0.0448386
0.0395329
0.0395208
0.0461734
0.0413377
0.0348889
0.0411775
0.0524673
0.0410874
0.044197
0.0393553
0.0464227
0.0413806
0.0447665
0.04608
0.0526706
0.0428825
0.0370223
0.0417337
0.0527899
0.0406642
0.0485877
0.0430436
0.0592236
0.0510588
0.0579209
0.0385552
0.0415027
0.049703
0.0491446
0.0525573
0.0553963
0.0444306
0.0382523
0.0550965
0.0427702
0.0532924
0.0456552
0.048613
0.0559706
0.0420564
0.0502394
0.0529379
0.0464476
0.0628309
0.0491306
0.0538288
0.0523094
0.0387163
0.0501763
0.0543288
0.0456488
0.0444988
0.039631
0.0493694
0.0432868
0.0430351
0.0490042
0.0397585
0.0374145
0.0366603
0.0375561
0.0412724
0.0377703
0.0408685
0.0426989
0.045553
0.0437087
0.0407576
0.0539464
0.0446779
0.0426887
0.0475961
0.0384839
0.0409246
0.0491069
0.0382732
0.0354073
0.0412808
0.0294613
0.0322458
0.045861
0.0394449
0.0460062
0.0453254
0.0469545
0.0515131
0.0463029
0.0348321
0.033624
0.0387896
0.0429683
0.0316812
0.0340885
0.0362862
0.0460955
0.0374452
0.0459409
0.0441906
0.040368
0.0479138
0.0456489
0.0348787
0.0314646
0.0342304
0.0341642
0.0344576
0.034088
0.0331717
0.0467352
0.0401023
0.0377484
0.03542
0.0390947
0.0466292
0.0506236
0.0487138
0.0445173
0.0449139
0.0540271
0.0366958
0.0444103
0.0512795
0.0542072
0.052089
0.0524776
0.0485302
0.0606936
0.0525255
0.0462799
0.0495468
0.0414049
0.0567304
0.0422915
0.0530879
0.0413681
0.0432594
0.0544898
0.0473982
0.0451915
0.0524579
0.0481251
0.0493458
0.0538834
0.0490508
0.0496362
0.0533786
0.0458663
0.0612682
0.0476552
0.0550223
0.0459199
0.0565643
0.0602185
0.0606182
0.0513803
0.0486965
0.0462281
0.0435171
0.0544212
0.050511
0.0429459
0.0458635
0.0479747
0.0426394
0.0372534
0.0478733
0.0543931
0.0570132
0.0406335
0.0524423
0.0479964
0.0470219
0.0406322
0.046815
0.0483817
0.0500049
0.0524959
0.044399
0.043513
0.0465465
0.0509896
0.0425529
0.0395013
0.0512896
0.0442781
0.0358159
0.04038
0.0413712
0.0440812
0.0464772
0.0519362
0.047385
0.0390744
0.0374535
0.0471283
0.0433042
0.0487924
0.0417371
0.0478327
0.0442605
0.0403739
0.0411715
0.0518211
0.0587089
0.0431858
0.0354531
0.0419946
0.0497406
0.0389195
0.0390772
0.042349
0.0394873
0.0383929
0.0452912
0.0438237
0.0426008
0.0546468
0.0382592
0.0466699
0.0344224
0.0365389
0.0393691
0.0505484
0.0405099
0.0335196
0.0353712
0.0508386
0.0392216
0.0477345
0.0367946
0.0367548
0.0355328
0.0430715
0.0528
0.0483953
0.0454853
0.039958
0.0501037
0.0411011
0.052668
0.0394067
0.0381738
0.0402177
0.0441858
0.0414641
0.0404088
0.0429838
0.0436748
0.0565956
0.045059
0.0551965
0.0433705
0.0466194
0.0405618
0.0421519
0.0541213
0.055589
0.0521323
0.0568175
0.0358393
0.0420505
0.0492513
0.0536425
0.0437048
0.0391822
0.0506612
0.0519943
0.0403536
0.0394678
0.0433124
0.0483111
0.0373713
0.0486274
0.0471873
0.0458572
0.0395589
0.0403555
0.0351089
0.040307
0.051129
0.0396786
0.0355844
0.0384562
0.0452578
0.0461235
0.0465889
0.0392938
0.0383381
0.0349235
0.0344009
0.0385906
0.0408328
0.0430711
0.0403604
0.0387285
0.0316929
0.0327889
0.0328184
0.0319676
0.0387471
0.0322145
0.0354539
0.0280202
0.0285669
0.0359738
0.0352967
0.037353
0.0462792
0.0334884
0.0296219
0.0260623
0.0346717
0.0433117
0.0407269
0.0420051
0.04374
0.0343237
0.0337516
0.0419257
0.050237
0.0470358
0.0526158
0.0409395
0.0365393
0.0326437
0.0367504
0.0487635
0.0360633
0.0405037
0.0494276
0.0439591
0.0401738
0.0456698
0.044325
0.0446228
0.0511465
0.0446958
0.0578313
0.0494959
0.0509196
0.0404696
0.0474978
0.0563979
0.0568867
0.0512957
0.044081
0.0392456
0.0357288
0.0459954
0.0539645
0.0512504
0.0453077
0.0403516
0.0514533
0.0428783
0.0436501
0.0520411
0.0482874
0.0539849
0.0547073
0.0513979
0.0454004
0.035343
0.0400332
0.0392821
0.0406566
0.0479823
0.0437879
0.0417309
0.0576524
0.0478812
0.0554167
0.0579884
0.0461407
0.0532208
0.0436557
0.0455483
0.0434302
0.0535808
0.0358859
0.0433961
0.0536472
0.0592369
0.0353899
0.038654
0.0462051
0.0440395
0.0467765
0.0464276
0.0446135
0.0374475
0.0430588
0.0471938
0.041207
0.0465893
0.0505787
0.0528236
0.0435874
0.0466513
0.0538422
0.0494796
0.0442818
0.041542
0.0421767
0.0551118
0.0479205
0.0544656
0.0468343
0.0459014
0.0381337
0.045886
0.0525234
0.0426012
0.0487121
0.0516405
0.0431188
0.0618873
0.0542443
0.0571239
0.0502031
0.0536606
0.0471553
0.046431
0.055225
0.0530345
0.0483757
0.0406765
0.0584844
0.0512961
0.0511859
0.0482526
0.0407749
0.043127
0.0416448
0.0370927
0.0429478
0.0529609
0.0479395
0.0395798
0.0388023
0.0384762
0.0528054
0.0464478
0.0516296
0.047101
0.0585946
0.051712
0.0467085
0.0446992
0.0460929
0.0418184
0.0466879
0.0559168
0.0529779
0.0490668
0.0494931
0.0388718
0.0432105
0.0434432
0.0477194
0.0353414
0.0438104
0.0603642
0.0489607
0.0414895
0.045247
0.0540623
0.0465022
0.0458513
0.0451582
0.050534
0.0349582
0.0379126
0.0470201
0.0487069
0.0437713
0.0429222
0.0510228
0.0453371
0.0494099
0.0492705
0.0447581
0.0427778
0.0401402
0.0411095
0.0504745
0.0504773
0.0364896
0.041473
0.048455
0.0501557
0.0507552
0.047617
0.0470688
0.0503946
0.0457279
0.0540468
0.0438155
0.0483729
0.0497132
0.0478507
0.050276
0.0520395
0.0594886
0.0541249
0.0502156
0.0446932
0.0386648
0.0434711
0.0365234
0.0508176
0.0446339
0.0446247
0.0453123
0.0419666
0.0379471
0.0380024
0.0432816
0.054636
0.0503361
0.0577956
0.0518662
0.0466805
0.0466432
0.042527
0.0394626
0.0397835
0.0410512
0.0416114
0.0414717
0.0469608
0.0416509
0.0406881
0.0489535
0.0456854
0.0503841
0.0569872
0.0578146
0.0538323
0.0532165
0.0505177
0.040488
0.0445367
0.0519982
0.0439369
0.0515701
0.0492933
0.0586869
0.0548326
0.056931
0.0446783
0.0411043
0.0436631
0.0572883
0.0525219
0.0481765
0.0415648
0.0478221
0.0431338
0.043254
0.0517451
0.0509732
0.0521262
0.0422663
0.0488256
0.0663623
0.0496609
0.0500072
0.0554331
0.0564227
0.0549932
0.061414
0.0514101
0.0595035
0.0575418
0.0597443
0.0490932
0.0481337
0.0460378
0.0533864
0.0410363
0.0487592
0.0491022
0.043916
0.0481651
0.049751
0.059957
0.0518167
0.0574615
0.0512883
0.048971
0.0555126
0.0533978
0.0403691
0.0464952
0.0459356
0.0530152
0.0514686
0.0539793
0.0547698
0.0411201
0.0480879
0.0476773
0.0619542
0.0532431
0.0580716
0.0524635
0.0491798
0.0424644
0.0457002
0.0533329
0.0576179
0.0597374
0.0443732
0.0465306
0.0486106
0.041835
0.0422869
0.053537
0.0395872
0.049163
0.0413582
0.0520508
0.058653
0.0616576
0.0583053
0.0456095
0.0482531
0.0509033
0.051337
0.0395606
0.0406139
0.0433169
0.040591
0.0513155
0.0588436
0.0478342
0.0460762
0.0408961
0.0482658
0.0503531
0.0492196
0.0471699
0.0388497
0.0495246
0.0482111
0.0498059
0.0474499
0.0403277
0.0568608
0.0523896
0.0537111
0.0469381
0.0431363
0.0397853
0.0462363
0.0435525
0.0439384
0.0567055
0.0353017
0.0437383
0.0420159
0.0479992
0.0370042
0.038327
0.0376408
0.0340405
0.036585
0.0395815
0.0412716
0.0489777
0.0448488
0.0395105
0.0431795
0.0442035
0.0423838
0.0491871
0.0428132
0.0340421
0.0412912
0.0436172
0.0430247
0.0420593
0.0472893
0.0539687
0.0437117
0.0394458
0.0362222
0.0323297
0.037783
0.0404916
0.0569428
0.04447
0.0526997
0.0412986
0.0476125
0.0426163
0.0406029
0.035034
0.0487155
0.04635
0.0422268
0.0476555
0.0641341
0.0493583
0.0354948
0.0547236
0.0340451
0.0442182
0.0485229
0.0399011
0.0463371
0.0381432
0.0417625
0.0410972
0.0490809
0.0496275
0.0438652
0.0421201
0.0425206
0.0405085
0.0434676
0.0425069
0.0428898
0.0527254
0.0398051
0.0416259
0.0351967
0.047743
0.0426229
0.0529179
0.0548209
0.0416939
0.0416812
0.0438099
0.0584762
0.0449046
0.0473938
0.0368254
0.0439636
0.0521432
0.0523237
0.047569
0.0377871
0.0424985
0.0504768
0.0445771
0.049972
0.0585983
0.0572744
0.0540931
0.0582028
0.0493597
0.0471711
0.0542232
0.0632226
0.0564043
0.0610512
0.0654462
0.0494224
0.0567296
0.0580352
0.0607188
0.0514464
0.042229
0.0430807
0.0478618
0.041665
0.0404579
0.0417053
0.0441622
0.060234
0.0552939
0.0538924
0.0504639
0.0512387
0.0425537
0.0437326
0.0492195
0.049852
0.0559893
0.0590271
0.0482296
0.0423356
0.0506111
0.0575374
0.0360799
0.0411024
0.0550657
0.0447267
0.0555258
0.0490232
0.0512649
0.0458148
0.0540189
0.0453079
0.0550299
0.051485
0.051532
0.0531488
0.047487
0.0413987
0.0491372
0.0526627
0.0569921
0.0413662
0.0571997
0.0539105
0.0617853
0.0554286
0.051366
0.0449998
0.0487664
0.0532244
0.0483884
0.0505476
0.0466373
0.0483054
0.0451979
0.0525186
0.0422364
0.0487422
0.0464048
0.0582375
0.0553929
0.0456126
0.0468532
0.0473141
0.0577869
0.0554986
0.0492118
0.0450604
0.0426798
0.0449153
0.0401567
0.0458324
0.045742
0.0485487
0.0449597
0.0438013
0.0459212
0.0507589
0.0479447
0.0386526
0.043442
0.0403387
0.0423934
0.0420565
0.0391473
0.039405
0.0440787
0.0505163
0.0366557
0.0478418
0.0499328
0.0519858
0.03845
0.0568495
0.0462315
0.0376116
0.037581
0.0518243
0.0408158
0.0558398
0.0488484
0.056337
0.0527836
0.0552204
0.0496657
0.0363259
0.0457988
0.0452406
0.0425909
0.0434859
0.0530184
0.0606213
0.0490632
0.0490506
0.0378175
0.0391147
0.0390567
0.0494283
0.04498
0.038621
0.0491441
0.0527484
0.0582806
0.050335
0.0518045
0.0499332
0.0412263
0.0405436
0.0372161
0.0570035
0.0425885
0.0448576
0.0489482
0.0371685
0.0464364
0.0386173
0.041929
0.0457306
0.0409991
0.0552884
0.0392126
0.0394255
0.0417242
0.0469487
0.0377858
0.0407765
0.0372798
0.0471389
0.0434937
0.0387872
0.0455374
0.0451323
0.0415351
0.0406005
0.0450009
0.0525316
0.0398202
0.0452389
0.0454459
0.0469102
0.0387258
0.0398697
0.0420445
0.0395827
0.0414116
0.0455577
0.0381311
0.0426331
0.0496724
0.0536186
0.044641
0.0414123
0.0549495
0.0453537
0.0551786
0.0449762
0.0478123
0.038036
0.0533943
0.0400973
0.0365922
0.0432997
0.0485747
0.0427348
0.0532659
0.0362133
0.0476447
0.0572179
0.047937
0.0397981
0.035723
0.0398157
0.0494817
0.0478755
0.0373556
0.0306653
0.0412285
0.0418349
0.0399694
0.0428567
0.0405385
0.0475399
0.0481854
0.0382734
0.0347872
0.0447121
0.0355889
0.0304679
0.0311237
0.0367333
0.0306663
0.0257121
0.0278078
0.0221822
0.0199017
0.0182792
0.0239588
0.0191922
0.0238706
0.0173656
0.0219059
0.0205183
0.026528
0.0222119
0.0198217
0.0238136
0.026265
0.0241367
0.0215313
0.0251194
0.0300845
0.0279669
0.0277465
0.0239878
0.0229949
0.022436
0.0397435
0.0502698
0.0324437
0.0298181
0.0458187
0.034999
0.0368721
0.034241
0.0309916
0.0439859
0.0451512
0.0357378
0.0350864
0.0402512
0.0374218
0.0380052
0.0460576
0.0388949
0.042546
0.0359988
0.0325018
0.0543816
0.0458509
0.0437106
0.0268273
0.0279185
0.0289574
0.0260359
0.0337691
0.0294408
0.0280649
0.0358021
0.0315914
0.0350782
0.0344918
0.0291828
0.0387055
0.0342178
0.0362715
0.033294
0.0376903
0.0313154
0.0314742
0.0344334
0.0369778
0.0480838
0.0403392
0.032189
0.0367063
0.0357957
0.0346188
0.0491965
0.0417642
0.0331593
0.0349491
0.0343356
0.0346882
0.0315645
0.0391145
0.0333832
0.0360492
0.0357801
0.0385944
0.0325337
0.027274
0.0301305
0.0445056
0.033863
0.039336
0.0350066
0.0314618
0.0390984
0.0323753
0.0420506
0.0351811
0.0425295
0.0436466
0.0427173
0.0395434
0.0341229
0.0391673
0.033925
0.030786
0.0354227
0.0381661
0.0389564
0.0427788
0.0326238
0.0347708
0.0317319
0.0448882
0.0481624
0.0386349
0.0322323
0.0384928
0.039973
0.0410278
0.0478707
0.0374801
0.036277
0.0369008
0.0344777
0.0331702
0.0359723
0.0334823
0.0374254
0.0375439
0.037136
0.0354241
0.0423605
0.0339733
0.0516074
0.0591263
0.0397434
0.0344508
0.0347225
0.0360825
0.0410508
0.0373193
0.0330813
0.0448902
0.0445815
0.0452569
0.0357301
0.0357938
0.032927
0.0320296
0.0381401
0.0414513
0.0416667
0.0340213
0.0426386
0.0378948
0.040559
0.03558
0.0363579
0.0359762
0.0413161
0.0353286
0.0351712
0.0389717
0.0483054
0.0405778
0.0381368
0.0431511
0.0344809
0.0387666
0.0339015
0.0407374
0.0304098
0.0436249
0.0372077
0.0329244
0.0381027
0.045463
0.0370083
0.0313414
0.030169
0.0330072
0.0350072
0.0301077
0.0357508
0.0324904
0.0362366
0.0453833
0.056971
0.0409361
0.0430062
0.0368275
0.0452376
0.035235
0.0368791
0.0385441
0.0387017
0.0371626
0.0352549
0.0346655
0.0394397
0.0385382
0.0334415
0.0427894
0.0389507
0.0356633
0.0313158
0.0361246
0.0358657
0.033183
0.0320293
0.0364015
0.033691
0.0369652
0.033997
0.060041
0.0506913
0.0460129
0.0398316
0.0359753
0.0344258
0.0350266
0.0414611
0.0352393
0.0361987
0.0376529
0.0337389
0.0346046
0.0314684
0.0345777
0.0401456
0.0377159
0.0401628
0.0329352
0.0333566
0.0333726
0.0463115
0.0343848
0.036189
0.0480355
0.0508143
0.0360826
0.0426833
0.0382326
0.0350404
0.035606
0.0338732
0.0397793
0.0333257
0.0331985
0.0354885
0.0465042
0.0326893
0.041623
0.0408616
0.033953
0.0367659
0.0434467
0.0397134
0.0377065
0.0350726
0.0308614
0.033704
0.0397272
0.0516396
0.0386069
0.0423305
0.0434716
0.0441625
0.0387069
0.0497452
0.0463083
0.0517473
0.053068
0.0513393
0.0628473
0.0446865
0.037407
0.0509271
0.0497469
0.0522268
0.0624052
0.060802
0.0522087
0.0542677
0.0529049
0.0586891
0.0616708
0.0562024
0.0549679
0.0559856
0.0573075
0.0469139
0.0536746
0.0549018
0.059515
0.0425271
0.0426609
0.0443058
0.0512579
0.0571986
0.0503246
0.0412828
0.0537718
0.06022
0.0439823
0.0420655
0.0463367
0.045053
0.0486171
0.0504734
0.0496285
0.0503819
0.0596909
0.0404335
0.0419509
0.0489834
0.0504597
0.0554147
0.04238
0.0449017
0.0484581
0.0469219
0.04033
0.0507021
0.0410177
0.0468104
0.0453392
0.0432155
0.0450638
0.041323
0.0394799
0.0404561
0.041372
0.0446666
0.0475114
0.0576203
0.0505224
0.0452758
0.0432956
0.0541767
0.0432549
0.0422942
0.0598086
0.063782
0.0670423
0.0556675
0.0421812
0.042526
0.0618352
0.0473177
0.049524
0.0532919
0.0461663
0.0520155
0.0514246
0.0561867
0.0649508
0.0638777
0.0589016
0.0588504
0.0526355
0.0515835
0.0495576
0.0448722
0.0454922
0.0466659
0.055655
0.0445271
0.0398742
0.048301
0.0558922
0.0432809
0.0478229
0.0555163
0.0532126
0.0544763
0.0515667
0.053908
0.0477386
0.0571209
0.035638
0.0447336
0.0477744
0.0438748
0.0470403
0.0535769
0.0533925
0.0456479
0.0530036
0.043874
0.0463635
0.0504272
0.0398154
0.0398426
0.0387815
0.0466975
0.0524689
0.0473238
0.0541903
0.0432109
0.0468676
0.0402566
0.0436992
0.0451315
0.0595053
0.0527501
0.0511691
0.0476945
0.0455351
0.0390687
0.0574552
0.0502869
0.0482873
0.0469505
0.0602946
0.0621676
0.0661146
0.0527711
0.0531137
0.0508478
0.0460556
0.0541206
0.0528143
0.0523583
0.0532262
0.045274
0.0547355
0.0470272
0.0418245
0.0486224
0.0422408
0.0494951
0.0453973
0.0521836
0.0511292
0.0606488
0.0490488
0.060727
0.0618992
0.061006
0.0541113
0.0567653
0.0544837
0.0646795
0.0595786
0.0417918
0.05309
0.0460462
0.0547799
0.0600274
0.0528386
0.0574107
0.0543727
0.0502285
0.0553821
0.0466226
0.0439776
0.0426668
0.0585898
0.0626363
0.0405708
0.0551327
0.0495425
0.043755
0.0452172
0.0412416
0.0409694
0.0379499
0.0412839
0.0391102
0.0373127
0.0372051
0.0384055
0.043945
0.0428245
0.0377633
0.0385116
0.0440468
0.0447318
0.051978
0.050455
0.0493617
0.0368489
0.0413063
0.0465296
0.0557046
0.0442921
0.0614904
0.0623496
0.0374218
0.0369109
0.0456668
0.0680053
0.0453399
0.0569894
0.0620718
0.0567349
0.0554997
0.0509182
0.0480455
0.0561329
0.0489424
0.0513308
0.0590192
0.0495701
0.0553902
0.0489085
0.0545575
0.0472948
0.051255
0.037209
0.048425
0.0423437
0.0566829
0.038729
0.0486256
0.0510968
0.0390002
0.0386349
0.0527853
0.0459122
0.0492609
0.0452993
0.0557657
0.0473711
0.0527235
0.049435
0.0461358
0.0406307
0.0503998
0.0390589
0.0409294
0.048901
0.0603465
0.0551668
0.0465848
0.0499853
0.0545911
0.0537122
0.0556082
0.0476622
0.0403249
0.0559478
0.0495232
0.0492791
0.0532123
0.0405548
0.0382597
0.0508463
0.0481714
0.0406083
0.0544557
0.0475675
0.0652253
0.0496322
0.0509534
0.0521372
0.0509977
0.0475324
0.0465361
0.0507232
0.0574637
0.0553708
0.062783
0.0612563
0.0602674
0.0567338
0.0630745
0.0516573
0.0570842
0.0457015
0.0483433
0.0462544
0.0525423
0.0543518
0.055212
0.0503729
0.0572062
0.0514459
0.0411146
0.0551979
0.0585222
0.0614621
0.0507323
0.0553043
0.047416
0.0423938
0.0634785
0.0557365
0.0432483
0.0497536
0.0582805
0.0501221
0.0535252
0.0518079
0.0632248
0.0507048
0.0443878
0.0513465
0.0528023
0.0570021
0.0390767
0.0487747
0.0465893
0.0496889
0.0547329
0.0446984
0.0468813
0.0421052
0.0453977
0.0466544
0.0579426
0.0428363
0.050955
0.0544856
0.0433597
0.0434249
0.0425199
0.0503597
0.0427076
0.0584752
0.0414717
0.049576
0.0390593
0.0417346
0.039631
0.0479655
0.041868
0.0549952
0.0493969
0.057011
0.0472886
0.0510651
0.0722772
0.0417302
0.044263
0.0461088
0.0410294
0.0463054
0.0547988
0.0574578
0.0651334
0.0569991
0.0672512
0.0615004
0.0654217
0.050001
0.0582119
0.0617068
0.0514885
0.0663355
0.0439942
0.0604377
0.0433324
0.0480495
0.0536557
0.0568068
0.0555316
0.0588975
0.0564207
0.0641559
0.0620237
0.043477
0.0526926
0.0428793
0.0507753
0.057051
0.0551323
0.0504817
0.0479675
0.0463998
0.0477604
0.0437793
0.0543401
0.0456383
0.0727603
0.0570292
0.0465291
0.0556109
0.041637
0.0467131
0.0516002
0.0544687
0.0469201
0.0483416
0.0511033
0.0539262
0.0577796
0.0422343
0.0537057
0.057708
0.056147
0.0546795
0.0560642
0.053036
0.0588515
0.0494246
0.0530761
0.0457339
0.0515832
0.0573533
0.0432972
0.0458231
0.0486853
0.047905
0.0540231
0.0381785
0.0590876
0.0531627
0.0539808
0.0566079
0.0446267
0.0472786
0.0467448
0.0407914
0.0435143
0.0508605
0.0564025
0.0585556
0.0542858
0.0511424
0.0421196
0.038192
0.0447219
0.0396126
0.0430414
0.0489578
0.0545238
0.0538287
0.0443125
0.0499946
0.0418895
0.0480858
0.0519458
0.0437511
0.047184
0.0478737
0.0503743
0.0549469
0.0536883
0.0404842
0.0446745
0.0445454
0.0372521
0.0477609
0.0436984
0.0484466
0.0604914
0.0540007
0.0552898
0.0406152
0.0423427
0.0415462
0.0532556
0.0594358
0.0603903
0.0512101
0.043347
0.0442148
0.0471407
0.0537503
0.0543018
0.0457135
0.0415617
0.0493537
0.0414798
0.0481369
0.0437221
0.0405452
0.06068
0.0442702
0.0413133
0.0531649
0.0560024
0.0391353
0.0456076
0.0485909
0.0500317
0.0525251
0.0537102
0.0552953
0.0532668
0.0538805
0.0549623
0.0444606
0.0588455
0.0482985
0.0516707
0.058088
0.0413914
0.0502266
0.0568176
0.0551881
0.0527487
0.050022
0.0565171
0.056578
0.0441671
0.046218
0.0469359
0.0391835
0.0454597
0.0448947
0.0386685
0.0423643
0.0481281
0.0503169
0.0416853
0.0426494
0.0379034
0.0442691
0.0481897
0.050562
0.0513536
0.0457345
0.0439944
0.0442092
0.0328537
0.0374657
0.0365331
0.039654
0.0346415
0.0510354
0.0589384
0.0447596
0.0379503
0.0346895
0.0506623
0.0379269
0.0380944
0.0408618
0.0517884
0.0481604
0.0534181
0.0468843
0.0479688
0.0463873
0.0452574
0.0435087
0.0430383
0.0363939
0.0563635
0.03754
0.03823
0.0413326
0.0417996
0.0391771
0.0410896
0.0487897
0.0407156
0.0548675
0.0612822
0.0471275
0.0488306
0.0466175
0.0433534
0.0455235
0.0427317
0.0425525
0.0406026
0.0487821
0.0408481
0.0380621
0.0455761
0.0443164
0.0504223
0.0584586
0.0466492
0.0481853
0.0483709
0.0459626
0.0529865
0.0544411
0.0591083
0.0528483
0.0483396
0.0561161
0.045906
0.0443338
0.0425222
0.0592663
0.0644882
0.0680312
0.0581955
0.0437866
0.0616951
0.0436261
0.058423
0.0700344
0.0566559
0.0414929
0.0607457
0.0506842
0.0542642
0.0604799
0.062723
0.0537876
0.0508944
0.0502324
0.0601683
0.0647946
0.076602
0.0610598
0.0506644
0.0489128
0.0704769
0.0537115
0.0542129
0.045823
0.0560223
0.0569877
0.0564972
0.0529776
0.06791
0.0625745
0.0513008
0.0521445
0.0699519
0.0540582
0.0562086
0.0384622
0.0465173
0.0411548
0.0541647
0.0559473
0.0445952
0.0584177
0.0555574
0.0551667
0.0502893
0.0463918
0.055725
0.0641491
0.0422781
0.0462638
0.0469832
0.0540978
0.0474926
0.0575171
0.0548112
0.0562181
0.0599993
0.0563971
0.0414433
0.0515069
0.0573951
0.0674254
0.0628294
0.0601594
0.0599841
0.0416877
0.0518243
0.0692998
0.0531613
0.0634935
0.0536305
0.0419329
0.057372
0.0569361
0.0637113
0.0586023
0.0501185
0.0452102
0.0568644
0.0376084
0.0448498
0.0531859
0.0502669
0.0384981
0.0400545
0.0645714
0.0584857
0.0463832
0.0406683
0.0446859
0.0480595
0.0523129
0.0538279
0.0491041
0.0472577
0.0516302
0.0378493
0.0399769
0.0383864
0.0329426
0.0451637
0.033046
0.0367731
0.0313477
0.0349617
0.0375077
0.0321732
0.0323271
0.0307339
0.0382342
0.0363688
0.0308239
0.0340415
0.0314522
0.0235764
0.0365608
0.0301463
0.0301359
0.0333006
0.0352488
0.0399153
0.0250718
0.0316893
0.036667
0.0272059
0.0273896
0.0214332
0.0263718
0.0229007
0.0245468
0.0326029
0.0236062
0.0223643
0.0225105
0.0249583
0.022189
0.0240903
0.0224009
0.0243005
0.0242216
0.0218841
0.0333336
0.0297876
0.0221375
0.0239199
0.0223794
0.0236386
0.0236473
0.0246275
0.0245495
0.0239622
0.035424
0.0231713
0.039911
0.0375574
0.0333223
0.0302813
0.0311585
0.0347934
0.0316723
0.0291941
0.028681
0.0322305
0.024526
0.0354566
0.0350724
0.0317494
0.0316457
0.0278714
0.0265776
0.0362302
0.0312556
0.0244228
0.0383797
0.0344218
0.0465056
0.0345238
0.0300086
0.0387905
0.0296495
0.0285315
0.0318998
0.032186
0.0262976
0.0295793
0.0314657
0.0312908
0.0304635
0.031028
0.0346239
0.0362699
0.0360478
0.0338915
0.038232
0.0323516
0.0366213
0.0365059
0.0359396
0.0333028
0.0419074
0.0390343
0.0283961
0.039697
0.0329997
0.0330226
0.0298283
0.038954
0.0384443
0.0371217
0.0299635
0.035827
0.0309868
0.0361848
0.0297609
0.0311321
0.031929
0.0340249
0.0350614
0.0316902
0.0344842
0.0302544
0.0291369
0.0306577
0.0312434
0.0348078
0.0346991
0.028101
0.0362011
0.0362209
0.0284025
0.0306042
0.0357613
0.0311119
0.0313359
0.0303876
0.0334982
0.0327873
0.029054
0.0288228
0.0253805
0.0252417
0.0259991
0.044719
0.0327292
0.0313155
0.0365705
0.031137
0.0263912
0.0357928
0.0356218
0.029582
0.0312587
0.0308476
0.0296111
0.0251688
0.0247092
0.0280923
0.0254542
0.0309361
0.0389165
0.0331179
0.027548
0.0312599
0.0226963
0.0382238
0.0387549
0.035363
0.0279963
0.0283555
0.0317302
0.0321602
0.0214373
0.0341369
0.02876
0.0279605
0.026456
0.0415347
0.0420075
0.03093
0.0281083
0.0318977
0.0371674
0.038596
0.0377684
0.0372337
0.0313529
0.0299841
0.0335255
0.0288969
0.0318703
0.0265233
0.0399762
0.037228
0.041877
0.0361519
0.0313825
0.0300334
0.026601
0.027686
0.0274699
0.0477533
0.0417102
0.0250379
0.036625
0.0307629
0.0277049
0.0276727
0.0430784
0.0354245
0.0393803
0.0298337
0.0332763
0.035828
0.0521106
0.0371991
0.0281757
0.0307822
0.0390639
0.0436088
0.038768
0.0343518
0.029585
0.0373757
0.0354351
0.0294076
0.0332996
0.0330942
0.033773
0.0426189
0.0427923
0.0356403
0.0328295
0.0386252
0.027933
0.0351663
0.0301232
0.0241062
0.0374278
0.0325713
0.0286264
0.0369918
0.0334458
0.0435681
0.0324908
0.0327263
0.0294601
0.0350023
0.0290324
0.0394715
0.0429099
0.0426238
0.0362799
0.0318789
0.0362419
0.0282152
0.0295172
0.033657
0.0292964
0.0325135
0.0337585
0.0318153
0.0359089
0.0388044
0.0393799
0.0331179
0.0475972
0.0380165
0.036113
0.0401966
0.0337323
0.0409616
0.0356707
0.0493628
0.0381967
0.0379307
0.0344124
0.0327886
0.0368931
0.0348291
0.0309457
0.0328744
0.0504531
0.0524497
0.0515831
0.0501127
0.0361929
0.0376713
0.0350355
0.0417471
0.0372581
0.0442338
0.051269
0.0469685
0.0420965
0.0405493
0.0431604
0.0359365
0.0330762
0.0335202
0.0414052
0.0390493
0.0437351
0.0588414
0.0551981
0.0446743
0.0441042
0.0350747
0.0351411
0.0389253
0.0381892
0.0421269
0.0419332
0.0373796
0.0425751
0.0443916
0.0350315
0.0558987
0.0512459
0.0499246
0.045911
0.0383653
0.037158
0.0416756
0.0397823
0.0421576
0.0417496
0.0409725
0.0406226
0.0421462
0.0465302
0.0510462
0.0455133
0.0490491
0.0365679
0.0406258
0.0396678
0.0381277
0.0428307
0.0416364
0.0477659
0.0599381
0.0462604
0.0402349
0.0476572
0.0472578
0.0476708
0.0501718
0.0435244
0.0537516
0.0539899
0.04713
0.0486688
0.0479068
0.045528
0.0412656
0.0437481
0.0531617
0.0564446
0.0474632
0.0600121
0.0420125
0.0411683
0.0481998
0.0506381
0.0514843
0.0460093
0.0438785
0.0598109
0.0450425
0.0564225
0.0500942
0.0696748
0.0507363
0.0515119
0.0518515
0.0525264
0.0474688
0.0499925
0.0609854
0.0469887
0.0365146
0.0560532
0.0516832
0.047574
0.0394186
0.037433
0.0382456
0.0418602
0.0457889
0.0534607
0.0490823
0.0413789
0.0519891
0.0424435
0.0478098
0.0518642
0.0363254
0.0527996
0.0389286
0.046186
0.0527135
0.0589107
0.0421269
0.0379283
0.0413934
0.0458231
0.0441195
0.0577273
0.0539164
0.0492042
0.051281
0.039637
0.0366701
0.0363881
0.0345403
0.053692
0.0609496
0.0522662
0.0454746
0.038392
0.0390019
0.040919
0.0416489
0.0398165
0.0417093
0.035387
0.0396233
0.046642
0.0373557
0.0563806
0.0465996
0.0327206
0.0389149
0.0392931
0.0443613
0.0416026
0.0429397
0.0518608
0.0604116
0.0451936
0.0423059
0.0498336
0.0436663
0.0388074
0.0450903
0.0387632
0.0407339
0.0499255
0.0392608
0.0419196
0.0416349
0.0471676
0.042826
0.0384196
0.0375487
0.0549327
0.0595933
0.05235
0.0548094
0.0533636
0.0395538
0.0390812
0.0483519
0.0434535
0.0412317
0.0438307
0.0520735
0.0478676
0.0429554
0.0406615
0.0532689
0.0631261
0.0554881
0.0428469
0.0416199
0.0443558
0.0426093
0.0408667
0.042253
0.0576321
0.0590187
0.052297
0.0559064
0.0430806
0.0414713
0.0452746
0.0691445
0.059707
0.0534362
0.0564204
0.0509292
0.0378771
0.0370247
0.0434294
0.0521987
0.0465403
0.0524759
0.0514344
0.0546844
0.061194
0.0675411
0.0490737
0.0515095
0.0328525
0.0423432
0.0500262
0.0549066
0.0478491
0.0417305
0.0451957
0.0417958
0.0488979
0.0452527
0.0410213
0.0451326
0.0471896
0.0584475
0.0424053
0.0395216
0.0401573
0.042447
0.0442136
0.0584251
0.0493047
0.0523016
0.0525047
0.053466
0.056928
0.0542111
0.0555957
0.0507462
0.0506142
0.0397103
0.0504902
0.0445706
0.0455573
0.0419493
0.049194
0.0447383
0.0490683
0.0479621
0.0490572
0.0490554
0.0534264
0.0510268
0.0440349
0.0549937
0.0507668
0.0609675
0.0555391
0.0530234
0.0405165
0.0357866
0.0384843
0.0559456
0.049179
0.0428354
0.062883
0.0548705
0.0417866
0.0509275
0.0363028
0.0421619
0.0496426
0.0405264
0.0407578
0.0314169
0.0299917
0.0306218
0.0356028
0.0491409
0.040996
0.0438057
0.0453606
0.0401015
0.0283342
0.0301693
0.033818
0.0403074
0.0302688
0.0264121
0.0262918
0.0386087
0.0229624
0.0402467
0.0301871
0.030313
0.0243917
0.0358303
0.0366863
0.028114
0.0322895
0.0338832
0.0334999
0.0361996
0.0320591
0.0364174
0.0346336
0.0378443
0.0413531
0.0324991
0.0303557
0.0310488
0.0371898
0.0448318
0.0344443
0.042706
0.0372093
0.0319705
0.0351252
0.0389882
0.055911
0.051388
0.0491705
0.0585841
0.0392257
0.056434
0.0487905
0.052578
0.0370418
0.0548294
0.0360308
0.0423301
0.0561829
0.039465
0.0632994
0.0535527
0.050771
0.0406649
0.0470683
0.0394738
0.05305
0.0480072
0.0582825
0.0519877
0.0457395
0.0372817
0.0384916
0.0406711
0.049673
0.0403687
0.0388418
0.0449414
0.0474291
0.0449092
0.0479502
0.0471939
0.0369701
0.0474111
0.0403776
0.0403592
0.0371005
0.0410682
0.0400829
0.0639557
0.0615008
0.0384229
0.0629771
0.0431428
0.0384618
0.0541138
0.0383547
0.0423774
0.0471187
0.0443215
0.0536804
0.04299
0.0541395
0.0407269
0.0398181
0.0371509
0.0601592
0.0659351
0.066306
0.0423096
0.040083
0.0557541
0.0660586
0.0540102
0.0420327
0.0425984
0.041799
0.0402393
0.0559549
0.0544567
0.0741992
0.0532583
0.0348793
0.0435646
0.0436329
0.0559852
0.0493365
0.0406889
0.0400748
0.0395957
0.045071
0.0447396
0.0535574
0.0519847
0.0498857
0.0574044
0.0474499
0.0486162
0.054152
0.0491066
0.0547107
0.0475614
0.04921
0.0612789
0.0538734
0.0502553
0.0615057
0.0605582
0.0615838
0.0511906
0.0441569
0.0582548
0.0597506
0.0653531
0.0508361
0.0489973
0.049055
0.0561014
0.0565167
0.0457326
0.0541357
0.0492678
0.0541995
0.0591225
0.0568808
0.0604646
0.0603249
0.0508921
0.0563095
0.0646997
0.0481347
0.045062
0.0466445
0.0437208
0.0537336
0.0526
0.0586113
0.0409296
0.0361857
0.0323533
0.0384199
0.0603032
0.0487201
0.0373541
0.0346949
0.0368613
0.0361024
0.0367582
0.0440469
0.0476909
0.0441875
0.0449709
0.0409983
0.0411794
0.0534758
0.0692492
0.0463987
0.0557183
0.0564419
0.0646664
0.0536125
0.0438503
0.0549005
0.0459361
0.0396209
0.0424695
0.0558942
0.0433879
0.0503725
0.0444666
0.0411066
0.0538765
0.0493805
0.0599723
0.0555984
0.055653
0.04937
0.0488347
0.0574799
0.0652268
0.0604612
0.0586559
0.0465895
0.049151
0.0347328
0.041362
0.0449431
0.0443611
0.0372002
0.050162
0.0348749
0.0442345
0.0381626
0.0382624
0.0489562
0.0402794
0.0393175
0.0397834
0.0366346
0.0307718
0.034598
0.03531
0.0320199
0.0321429
0.0362528
0.0411937
0.0419888
0.0400121
0.0410544
0.0401734
0.0434071
0.0319267
0.0343
0.0359902
0.0490702
0.0480301
0.0436375
0.0380805
0.0395982
0.0407635
0.0331618
0.0344332
0.046885
0.0512551
0.0505943
0.0407716
0.0419402
0.048298
0.0590561
0.0611815
0.0414636
0.0406808
0.0427177
0.0495736
0.0526039
0.0460389
0.045882
0.0483843
0.0488275
0.0414513
0.0458116
0.0457902
0.0410719
0.0458893
0.0421915
0.0490364
0.0489873
0.0412432
0.0470665
0.0454955
0.0521711
0.0617092
0.0606899
0.0509917
0.047376
0.052615
0.043734
0.04972
0.0669313
0.0693119
0.0651354
0.0538955
0.0564349
0.0413999
0.0693415
0.0563466
0.0552159
0.0662183
0.0610569
0.0679184
0.061089
0.0668879
0.0588023
0.0515155
0.065627
0.0896675
0.0666411
0.0915499
0.0762397
0.0668934
0.0719876
0.0660353
0.0624456
0.071439
0.0670203
0.0735843
0.0784482
0.0758452
0.0753888
0.0933248
0.0832341
0.0752201
0.0763394
0.0902062
0.0737845
0.0822909
0.0797499
0.0882123
0.0812196
0.0707661
0.0874512
0.0734043
0.0720529
0.0767576
0.0700756
0.0629679
0.0706798
0.073649
0.0653629
0.0771556
0.0606771
0.0774277
0.0662777
0.0699375
0.0687765
0.069937
0.0758328
0.0760793
0.0745706
0.0817992
0.0715163
0.0633944
0.0607143
0.0682143
0.0661652
0.078968
0.0573389
0.0793939
0.0714721
0.0620367
0.0858919
0.0725433
0.0704101
0.0598678
0.0588274
0.0749167
0.0513323
0.0559979
0.0516305
0.0597502
0.0538223
0.0567658
0.0489216
0.0441415
0.0484191
0.0634191
0.0620241
0.0477526
0.0599317
0.0717828
0.0796848
0.0561796
0.0651519
0.0513371
0.0653871
0.0528047
0.0631366
0.0566719
0.0711901
0.0691779
0.053236
0.047926
0.0628974
0.0588996
0.0621065
0.0622622
0.0525291
0.0595838
0.0642111
0.0631182
0.0547382
0.0494987
0.0488281
0.0631815
0.0755031
0.0690745
0.0585821
0.0684316
0.0624023
0.0494438
0.0645661
0.0545487
0.0617946
0.0493072
0.0564352
0.0640669
0.0613498
0.0642445
0.0635187
0.0425693
0.0547389
0.0526957
0.0533066
0.0469415
0.0540329
0.0700011
0.0675453
0.0759077
0.0691776
0.0699335
0.0581681
0.0581306
0.0492547
0.0433939
0.0555797
0.0579068
0.051354
0.0481031
0.0508318
0.0700537
0.049541
0.0679476
0.0616396
0.0557066
0.068337
0.0703088
0.0654549
0.0565708
0.0622701
0.0678837
0.0755216
0.0631521
0.0673032
0.0770626
0.0597913
0.0612894
0.0616588
0.0494464
0.05074
0.0583795
0.0598694
0.0684693
0.0621732
0.0584808
0.0490848
0.0629841
0.0587447
0.0670768
0.0653779
0.0480743
0.066057
0.0748508
0.0794353
0.0516538
0.0683336
0.0612688
0.0479178
0.0675316
0.0694958
0.0486413
0.0652067
0.0532468
0.0631441
0.0480334
0.0488093
0.0418328
0.0592289
0.060867
0.0768487
0.0624202
0.0593759
0.0548939
0.0542932
0.0657583
0.0567043
0.053956
0.0475312
0.0562095
0.0449892
0.0470807
0.0479169
0.050125
0.0476844
0.0542036
0.0477518
0.0458198
0.0507168
0.0504617
0.0491651
0.0481933
0.0626072
0.0549073
0.0632919
0.0622902
0.0442309
0.0474392
0.0510707
0.0575114
0.0537662
0.0556518
0.0697209
0.0623015
0.0645092
0.0621094
0.0625447
0.0649754
0.057935
0.0499459
0.0429159
0.047332
0.0468038
0.0542586
0.0708122
0.0504283
0.064035
0.0665993
0.0562202
0.0442391
0.0438255
0.0453656
0.0517143
0.0622317
0.0613371
0.0566027
0.0517283
0.0542344
0.0641907
0.0577314
0.0659542
0.0443099
0.0503187
0.0631951
0.0678917
0.0665531
0.0635443
0.0638715
0.0487938
0.0487094
0.0472387
0.0444231
0.0616544
0.0525294
0.0630185
0.0576817
0.0452605
0.0563968
0.0559536
0.0634395
0.0476636
0.0476071
0.054398
0.0527393
0.0447842
0.0644947
0.0591211
0.0599305
0.0676348
0.0460538
0.042239
0.0409909
0.05567
0.0396339
0.0387195
0.0625296
0.0481979
0.0429822
0.043324
0.0465014
0.0510788
0.0576881
0.0440624
0.0432293
0.0462703
0.0465741
0.0516822
0.0502805
0.0479331
0.0518896
0.0435443
0.061676
0.048643
0.0485685
0.0497218
0.0505152
0.0468277
0.0575409
0.0600005
0.0625726
0.0491289
0.0532594
0.0479459
0.0722274
0.0738427
0.051366
0.0658641
0.0544877
0.0743465
0.059811
0.0558791
0.065628
0.0531546
0.0613773
0.0509808
0.0555237
0.0511423
0.0611766
0.0473452
0.0640883
0.0506623
0.0501084
0.0693132
0.0630452
0.0507786
0.0558493
0.0605639
0.0681783
0.0588185
0.0541496
0.0540887
0.0592333
0.0570471
0.0511711
0.0707242
0.0507488
0.0621322
0.06247
0.0483761
0.0559162
0.060445
0.0498609
0.0474213
0.0498577
0.0584217
0.0511401
0.0542038
0.0557798
0.0600882
0.0457969
0.0492387
0.0520702
0.0466726
0.0542399
0.051158
0.0496896
0.0536191
0.0527943
0.0535093
0.0516253
0.0523032
0.0658984
0.0646374
0.0587027
0.0567961
0.0527315
0.0546305
0.0501736
0.0543588
0.0520204
0.052663
0.0450444
0.048402
0.0698744
0.0564819
0.057883
0.0661339
0.0737773
0.083372
0.0673388
0.0728544
0.0775592
0.0680076
0.0734508
0.0580958
0.0650566
0.0724136
0.0635643
0.0551141
0.0531086
0.0521619
0.0491736
0.0517187
0.049116
0.0468036
0.0467204
0.0596393
0.0673902
0.0696662
0.0675095
0.0651478
0.056215
0.0799069
0.0549902
0.0692743
0.0754414
0.0620423
0.0612632
0.063101
0.0555071
0.054785
0.0599606
0.0438614
0.0474335
0.0483427
0.0641455
0.069822
0.0644955
0.0684841
0.0473996
0.0573287
0.060636
0.051438
0.0430909
0.0487989
0.0498202
0.0707714
0.0671725
0.0695196
0.050579
0.0482656
0.0458811
0.0494995
0.0617367
0.0573355
0.0642125
0.0584916
0.0650052
0.0675288
0.0561419
0.0672161
0.0624347
0.0716818
0.0667287
0.0592449
0.0634048
0.0599234
0.0542397
0.0493935
0.0471198
0.0518664
0.0443574
0.0518955
0.047455
0.0484503
0.0452487
0.0575612
0.0541473
0.05502
0.0423407
0.0415654
0.0501844
0.0466128
0.0472712
0.0517797
0.0505083
0.0494893
0.0674379
0.0540258
0.0534962
0.0536438
0.0473819
0.0555005
0.0542302
0.054628
0.0516861
0.0447614
0.0423211
0.0509542
0.0508362
0.0546022
0.0435769
0.0464682
0.0532656
0.0504104
0.0492677
0.0582473
0.0508685
0.0483513
0.0495014
0.058814
0.0635648
0.0680252
0.0607747
0.0663053
0.0788078
0.0751899
0.0590337
0.0456089
0.0485717
0.0593176
0.0613113
0.0703826
0.0846949
0.0557243
0.0566339
0.0549843
0.0502448
0.0519861
0.0507394
0.0736916
0.0526751
0.0548419
0.0594641
0.0580559
0.0509555
0.0789254
0.0642622
0.0607526
0.0652074
0.0454306
0.0474765
0.0464011
0.0754157
0.0692301
0.0593548
0.0545215
0.0575307
0.0520969
0.0462424
0.0528312
0.0566105
0.0706519
0.0754799
0.0679036
0.0635658
0.0563153
0.0432299
0.0564651
0.0500629
0.0665519
0.0644792
0.0789128
0.0547965
0.0737956
0.0645574
0.0547694
0.0524987
0.0453032
0.0579508
0.0562405
0.058459
0.0515028
0.0626084
0.074053
0.0685603
0.0756081
0.0535177
0.057235
0.0754885
0.0658529
0.0680391
0.0612171
0.0676589
0.0583846
0.0490928
0.0527096
0.0720616
0.0594707
0.0610103
0.0640171
0.0467769
0.0433445
0.0520112
0.0416701
0.0496323
0.0680794
0.0489563
0.0628811
0.052898
0.0723636
0.055053
0.0594509
0.0478066
0.0473116
0.0544555
0.0486782
0.0472786
0.0545594
0.0419994
0.0564941
0.055674
0.0470096
0.0690762
0.0604003
0.0564985
0.0585208
0.0601599
0.058493
0.07253
0.0576967
0.0479022
0.0524228
0.0499398
0.056117
0.0510456
0.0577291
0.0805782
0.0708555
0.0687688
0.0557874
0.05951
0.0385168
0.0445891
0.0503591
0.0522768
0.064904
0.0543875
0.0618471
0.0617277
0.0434857
0.0608749
0.0449904
0.0440616
0.0401004
0.0507043
0.0633807
0.0629684
0.0623507
